#RQM00078526 2021 06 05 00 2307  248 ncdc-nws ncdc-nws  184317  -659919
21     0 101592B    3   271B  770    44   123    36 
20    26 100145   130B  255B  822    32   112    82 
10    29 100000   143B  253B  825    32   111    85 
20   142  96289   475B  229B  825    31   103   113 
10   306  92500   825B  205B  832    29    94   129 
20   402  89920  1069B  192B  789    37   102   121 
20   541  85149  1537B  161B  907    15   105   130 
10   544  85000  1552B  161B  908    15   106   130 
20   636  82658  1790B  156B  782    38   100   116 
20   851  76636  2429B  117B  906    15    98   111 
20  1010  73388  2791B  101B  844    25   100    98 
20  1124  70613  3111B   80B  905    15   105   108 
10  1140  70000  3183B   75B  835    26    99   104 
20  1145  69788  3208B   74B  818    29    96   103 
20  1159  69262  3271B   79B  586    76    91    95 
20  1220  68476  3365B   77B  486   101    87    86 
20  1232  68031  3419B   74B  568    80    86    86 
20  1242  67581  3473B   70B  520    92    86    85 
20  1250  67217  3518B   67B  656    60    88    82 
20  1252  67140  3527B   67B  644    62    89    81 
20  1259  66908  3556B   70B  329   152    89    77 
20  1302  66804  3568B   71B  271   177    90    75 
20  1310  66456  3611B   65B  476   103    90    70 
20  1323  65969  3672B   60B  598    72    88    65 
20  1341  65319  3753B   57B  526    89    89    58 
20  1351  64984  3795B   56B  413   121    93    55 
20  1404  64499  3856B   50B  546    84    97    54 
20  1419  63964  3924B   45B  558    81    98    54 
20  1435  63336  4004B   45B  300   161    99    54 
20  1444  62997  4048B   40B  513    91   101    54 
20  1452  62702  4086B   40B  400   124   105    56 
20  1502  62392  4126B   35B  539    85   108    56 
20  1539  61118  4294B   22B  629    63   107    51 
20  1607  60135  4424B   13B  809    29    88    46 
20  1702  58282  4676B    0B  741    41    60    42 
20  1723  57596  4771B   -6B  655    57    53    40 
20  1737  57159  4832B   -9B  506    90    44    41 
20  1755  56623  4907B  -15B  559    77    42    40 
20  1805  56336  4947B  -13B  290   158    42    38 
20  1813  56094  4982B  -15B  380   125    41    38 
20  1824  55744  5032B  -15B  246   177    30    38 
20  1847  55026  5135B  -21B  316   147   357    38 
20  1911  54297  5240B  -28B  434   107   340    54 
20  2042  51430  5668B  -60B  344   132   316    47 
20  2059  50946  5742B  -65B  425   107   318    42 
10  2132  50000  5888B  -75B  326   137   304    45 
20  2155  49347  5990B  -81B  244   169   289    49 
20  2228  48438  6134B  -93B  345   128   279    65 
20  2241  48103  6188B  -95B  223   176   279    68 
20  2323  46951  6374B -111B  397   111   271    60 
20  2353  46238  6492B -119B  329   131   276    45 
20  2422  45536  6608B -130B  367   117   278    41 
20  2434  45246  6657B -134B  556    70   276    41 
20  2442  45044  6691B -137B  577    66   275    44 
20  2459  44628  6762B -140B  534    74   271    56 
20  2509  44355  6808B -142B  355   120   269    65 
20  2526  43947  6878B -147B  302   137   263    78 
20  2555  43128  7020B -158B  762    32   249    91 
20  2640  42041  7213B -166B  258   151   250    71 
20  2711  41342  7338B -177B  558    67   250    74 
20  2726  41000  7400B -178B  259   150   252    81 
20  2736  40766  7443B -180B  332   123   253    83 
20  2745  40564  7480B -183B  513    76   254    84 
20  2805  40135  7559B -189B  620    55   253    85 
10  2811  40000  7585B -190B  589    60   252    87 
20  2842  39301  7716B -198B  217   165   250    98 
20  2856  38946  7783B -201B  270   142   249    98 
20  2923  38341  7899B -207B  208   168   241    99 
20  3014  37135  8134B -228B  304   127   236   108 
20  3053  36211  8318B -237B   79   254   235   108 
20  3204  34645  8640B -262B   82   245   245    95 
20  3344  32496  9100B -295B  284   127   252   125 
20  3402  32091  9189B -302B  434    85   254   137 
20  3419  31769  9261B -305B  641    46   252   149 
20  3432  31543  9311B -307B  561    59   250   154 
20  3450  31238  9380B -311B  206   154   248   158 
20  3501  31053  9422B -314B  155   179   247   162 
10  3607  30000  9665B -333B  114   203   246   195 
20  3806  28194 10099B -359B  110   202   236   224 
20  4008  26213 10601B -398B   98   204   242   243 
20  4041  25670 10744B -411B  263   121   246   250 
20  4107  25246 10856B -418B  255   123   247   255 
10  4122  25000 10923B -423B  306   106   247   259 
20  4147  24575 11039B -432B  454    72   247   267 
20  4218  24029 11189B -444B  496    63   245   289 
20  4309  22960 11493B -459B  575    49   236   305 
10  4544  20000 12395B -543B  675    33   228   311 
20  4552  19850 12443B -548B  691    31   228   309 
20  4930  16473 13605B -656B  547    44   237   345 
20  5055  15449 13992B -687B  600    36   243   368 
10  5135  15000 14168B -699B  600    36   248   365 
20  5228  14375 14420B -717B  591    36   252   319 
22  5253  13997 14577B -721B  597    35   252   277 
20  5412  13164 14941B -691B  511    47   253   181 
20  5438  12906 15060B -669B  439    59   244   170 
20  5628  11877 15559B -691B  212   106   253   156 
20  5825  10870 16085B -715B  141   129   256   110 
20  5926  10396 16349B -704B  123   138   259   162 
20  6001  10134 16500B -708B  113   143   269   158 
10  6018  10000 16579B -694B  106   149   277   125 
20  6412   8451 17580B -707B   62   179   147    81 
20  6540   7911 17972B -695B   53   191   170    84 
20  6717   7306 18444B -722B   49   190   170    68 
10  6808   7000 18695B -717B   48   192   144    33 
20  6820   6932 18753B -714B   48   193   158    31 
20  7030   6299 19316B -728B   47   191    31    37 
20  7143   5970 19636B -667B   42   210   123    33 
20  7439   5173 20502B -666B   25   241    86    63 
20  7510   5052 20646B -632B   21   258    67    65 
10  7523   5000 20710B -630B   21   259    66    85 
20  7549   4903 20830B -619B   19   269    67   100 
20  7636   4730 21052B -628B   16   275    53    74 
20  8027   3956 22163B -582B   10   315    96   156 
20  8221   3614 22731B -583B   10   314    92   171 
10  8608   3000 23915B -541B   10   326   101   174 
20  8818   2679 24642B -516B   10   334    93   166 
20  9009   2428 25282B -514B   10   334    94   154 
20  9134   2268 25724B -495B   10   340    75   176 
20  9241   2147 26083B -505B   10   337    79   211 
10  9404   2000 26549B -476B   10   346    76   215 
20  9418   1975 26632B -471B   10   347    72   230 
20  9831   1583 28091B -493B   10   341    85   230 
20 10056   1395 28922B -469B   10   348    85   252 
20 10404   1182 30021B -465B   10   349    98   297 
20 10441   1146 30225B -442B   10   356    97   267 
20 10613   1055 30780B -435B   10   359    93   278 
10 10712   1000 31143B -410B   10   366    91   265 
20 10847    927 31659B -377B   10   376    77   283 
20 10924    900 31865B -377B   10   376    80   287 
20 11127    800 32679B -368B   10   379    90   265 
20 11328    726 33356B -357B   10   383    97   281 
10 11416    700 33608B -348B   10   386    90   267 
20 11537    648 34149B -323B   10   394   102   265 
30   100  -9999   295 -9999 -9999 -9999   108   106 
30   200  -9999   545 -9999 -9999 -9999   107   122 
30   300  -9999   801 -9999 -9999 -9999    95   130 
30   400  -9999  1058 -9999 -9999 -9999   101   121 
30   500  -9999  1346 -9999 -9999 -9999   102   133 
30   600  -9999  1622 -9999 -9999 -9999   107   124 
30   700  -9999  1895 -9999 -9999 -9999    99   111 
30   800  -9999  2182 -9999 -9999 -9999    96   101 
30   900  -9999  2474 -9999 -9999 -9999   101   115 
30  1000  -9999  2749 -9999 -9999 -9999   101    94 
30  1100  -9999  3008 -9999 -9999 -9999   107   104 
30  1200  -9999  3275 -9999 -9999 -9999    90    94 
30  1300  -9999  3560 -9999 -9999 -9999    89    77 
30  1400  -9999  3837 -9999 -9999 -9999    96    54 
30  1500  -9999  4118 -9999 -9999 -9999   107    56 
30  1600  -9999  4391 -9999 -9999 -9999    95    47 
30  1700  -9999  4670 -9999 -9999 -9999    60    42 
30  1800  -9999  4926 -9999 -9999 -9999    41    39 
30  1900  -9999  5190 -9999 -9999 -9999   344    46 
30  2000  -9999  5470 -9999 -9999 -9999   313    52 
30  2100  -9999  5746 -9999 -9999 -9999   318    42 
30  2200  -9999  6010 -9999 -9999 -9999   286    51 
30  2300  -9999  6270 -9999 -9999 -9999   275    69 
30  2400  -9999  6520 -9999 -9999 -9999   277    45 
30  2500  -9999  6766 -9999 -9999 -9999   271    57 
30  2600  -9999  7042 -9999 -9999 -9999   248    91 
30  2700  -9999  7295 -9999 -9999 -9999   251    70 
30  2800  -9999  7539 -9999 -9999 -9999   253    84 
30  2900  -9999  7801 -9999 -9999 -9999   248    97 
30  3000  -9999  8067 -9999 -9999 -9999   237   104 
30  3100  -9999  8350 -9999 -9999 -9999   234   105 
30  3200  -9999  8620 -9999 -9999 -9999   243    93 
30  3300  -9999  8911 -9999 -9999 -9999   251   125 
30  3400  -9999  9181 -9999 -9999 -9999   254   135 
30  3500  -9999  9418 -9999 -9999 -9999   247   161 
30  3600  -9999  9640 -9999 -9999 -9999   247   192 
30  3700  -9999  9863 -9999 -9999 -9999   239   212 
30  3800  -9999 10078 -9999 -9999 -9999   235   222 
30  3900  -9999 10316 -9999 -9999 -9999   239   233 
30  4000  -9999 10566 -9999 -9999 -9999   241   240 
30  4100  -9999 10825 -9999 -9999 -9999   247   253 
30  4200  -9999 11100 -9999 -9999 -9999   247   274 
30  4300  -9999 11440 -9999 -9999 -9999   237   305 
30  4400  -9999 11816 -9999 -9999 -9999   227   314 
30  4500  -9999 12142 -9999 -9999 -9999   227   316 
30  4600  -9999 12483 -9999 -9999 -9999   229   306 
30  4700  -9999 12796 -9999 -9999 -9999   230   306 
30  4800  -9999 13123 -9999 -9999 -9999   235   315 
30  4900  -9999 13449 -9999 -9999 -9999   236   341 
30  5000  -9999 13740 -9999 -9999 -9999   239   355 
30  5100  -9999 14014 -9999 -9999 -9999   244   367 
30  5200  -9999 14272 -9999 -9999 -9999   251   360 
30  5300  -9999 14608 -9999 -9999 -9999   253   266 
30  5400  -9999 14886 -9999 -9999 -9999   255   192 
30  5500  -9999 15163 -9999 -9999 -9999   238   184 
30  5600  -9999 15437 -9999 -9999 -9999   248   162 
30  5700  -9999 15706 -9999 -9999 -9999   260   129 
30  5800  -9999 15973 -9999 -9999 -9999   258   122 
30  5900  -9999 16236 -9999 -9999 -9999   251   140 
30  6000  -9999 16496 -9999 -9999 -9999   269   159 
30  6100  -9999 16763 -9999 -9999 -9999   299    61 
30  6200  -9999 17016 -9999 -9999 -9999   266    57 
30  6300  -9999 17262 -9999 -9999 -9999   226    32 
30  6400  -9999 17527 -9999 -9999 -9999   145    77 
30  6500  -9999 17790 -9999 -9999 -9999   160    75 
30  6600  -9999 18068 -9999 -9999 -9999   174   103 
30  6700  -9999 18363 -9999 -9999 -9999   169    84 
30  6800  -9999 18656 -9999 -9999 -9999   142    36 
30  6900  -9999 18929 -9999 -9999 -9999   197    37 
30  7000  -9999 19191 -9999 -9999 -9999   359    35 
30  7100  -9999 19443 -9999 -9999 -9999    88    41 
30  7200  -9999 19718 -9999 -9999 -9999    89    23 
30  7300  -9999 20019 -9999 -9999 -9999    53    85 
30  7400  -9999 20318 -9999 -9999 -9999    75   102 
30  7500  -9999 20600 -9999 -9999 -9999    71    54 
30  7600  -9999 20882 -9999 -9999 -9999    66    93 
30  7700  -9999 21168 -9999 -9999 -9999    43    87 
30  7800  -9999 21464 -9999 -9999 -9999    66   104 
30  7900  -9999 21765 -9999 -9999 -9999    79   127 
30  8000  -9999 22039 -9999 -9999 -9999    88   135 
30  8100  -9999 22319 -9999 -9999 -9999    88   169 
30  8200  -9999 22622 -9999 -9999 -9999    91   161 
30  8300  -9999 22937 -9999 -9999 -9999    89   176 
30  8400  -9999 23248 -9999 -9999 -9999    82   161 
30  8500  -9999 23554 -9999 -9999 -9999    99   143 
30  8600  -9999 23873 -9999 -9999 -9999    97   174 
30  8700  -9999 24200 -9999 -9999 -9999    93   172 
30  8800  -9999 24538 -9999 -9999 -9999    92   175 
30  8900  -9999 24883 -9999 -9999 -9999    89   162 
30  9000  -9999 25231 -9999 -9999 -9999    94   155 
30  9100  -9999 25547 -9999 -9999 -9999    84   173 
30  9200  -9999 25860 -9999 -9999 -9999    75   188 
30  9300  -9999 26186 -9999 -9999 -9999    80   203 
30  9400  -9999 26527 -9999 -9999 -9999    78   212 
30  9500  -9999 26877 -9999 -9999 -9999    76   225 
30  9600  -9999 27226 -9999 -9999 -9999    84   211 
30  9700  -9999 27578 -9999 -9999 -9999    75   236 
30  9800  -9999 27912 -9999 -9999 -9999    83   235 
30  9900  -9999 28247 -9999 -9999 -9999    91   229 
30 10000  -9999 28586 -9999 -9999 -9999    84   233 
30 10100  -9999 28945 -9999 -9999 -9999    85   255 
30 10200  -9999 29305 -9999 -9999 -9999    85   229 
30 10300  -9999 29655 -9999 -9999 -9999    89   244 
30 10400  -9999 29999 -9999 -9999 -9999    97   294 
30 10500  -9999 30339 -9999 -9999 -9999    91   243 
30 10600  -9999 30697 -9999 -9999 -9999    92   277 
30 10700  -9999 31073 -9999 -9999 -9999    92   262 
30 10800  -9999 31411 -9999 -9999 -9999    84   273 
30 10900  -9999 31734 -9999 -9999 -9999    77   287 
30 11000  -9999 32088 -9999 -9999 -9999    86   282 
30 11100  -9999 32488 -9999 -9999 -9999    86   255 
30 11200  -9999 32889 -9999 -9999 -9999    90   271 
30 11300  -9999 33219 -9999 -9999 -9999    97   292 
30 11400  -9999 33522 -9999 -9999 -9999    91   266 
30 11500  -9999 33894 -9999 -9999 -9999   103   299 
#RQM00078526 2021 06 05 12 1107  215 ncdc-nws ncdc-nws  184317  -659919
21     0 101641B    3   254B  880    21   106    31 
10    31 100000   147B  255B  816    34    97    81 
20    32  99926   153B  255B  816    34    97    83 
20   228  93923   696B  207B  982     3    96   120 
10   255  92500   828B  199B 1000     0    97   120 
20   327  90658  1002B  186B  990     2   103   121 
20   403  88752  1185B  183B  845    27   111   113 
10   520  85000  1555B  161B  862    23   111   114 
20   657  80471  2020B  135B  879    20    96   112 
20   714  79635  2108B  134B  768    40    94   107 
20   725  79076  2167B  129B  872    21    92   109 
20   800  77466  2340B  123B  864    22    92   117 
20   858  74808  2633B  115B  676    58    92   110 
20  1009  71745  2982B   94B  670    58   104    95 
20  1028  70928  3077B   85B  799    33    99    97 
10  1052  70000  3186B   84B  750    42    97    88 
20  1105  69524  3242B   83B  693    53   100    85 
20  1219  66746  3578B   59B  763    38    99    81 
20  1258  65364  3750B   49B  703    49   107    79 
20  1338  63806  3946B   33B  781    34    93    66 
20  1427  61889  4194B   26B  741    41    78    56 
20  1504  60348  4397B    9B  783    33    78    41 
20  1532  59354  4531B    3B  686    51    89    21 
20  1540  59077  4568B    0B  688    50   107    18 
20  1615  57766  4748B   -8B  661    55   167    13 
20  1633  57085  4842B  -14B  549    79   166     8 
20  1659  56236  4962B  -23B  624    62   240    13 
20  1711  55872  5013B  -25B  535    81   232    20 
20  1720  55596  5052B  -26B  356   132   226    20 
20  1732  55235  5104B  -29B  344   135   221    18 
20  1745  54779  5170B  -35B  501    89   230    17 
20  1802  54213  5252B  -39B  533    81   252    33 
20  1814  53748  5320B  -41B  440   105   255    46 
20  1850  52265  5540B  -59B  604    64   268    45 
20  1938  50404  5823B  -76B  587    67   270    69 
10  1952  50000  5885B  -81B  499    86   262    71 
20  1959  49806  5916B  -82B  436   102   260    74 
20  2041  48698  6090B  -95B  576    68   261    76 
20  2109  47880  6221B  -98B  328   133   260    65 
20  2127  47377  6302B -100B  293   146   257    74 
20  2206  46358  6469B -111B  390   112   264   102 
20  2342  44045  6860B -147B  389   109   267    82 
20  2402  43599  6937B -148B  192   185   273    69 
20  2430  43004  7040B -150B   74   279   276    51 
20  2551  41300  7345B -164B   59   296   266    85 
20  2611  40908  7417B -167B  119   229   262    80 
10  2656  40000  7585B -183B  170   192   259    73 
20  2758  38599  7850B -207B  286   136   249    81 
20  2852  37466  8069B -223B  243   151   236    96 
20  3316  32041  9201B -297B  116   208   252   135 
10  3453  30000  9665B -342B  199   153   245   155 
20  3754  26655 10481B -411B  238   129   246   184 
20  3827  26139 10614B -415B   94   204   243   185 
20  3854  25724 10722B -421B   75   221   243   201 
10  3943  25000 10915B -435B   61   233   244   198 
20  4330  21520 11907B -501B   79   202   244   304 
10  4503  20000 12381B -543B   92   183   244   370 
20  4527  19629 12501B -552B  109   170   243   383 
20  4557  19178 12649B -560B  260   106   243   398 
20  4729  17874 13093B -596B  446    62   240   426 
20  5041  15293 14050B -677B  410    63   240   384 
10  5101  15000 14166B -682B  404    64   241   352 
22  5306  13587 14757B -702B  289    85   261   257 
20  5433  12741 15139B -702B  212   105   268   220 
20  5547  12063 15465B -688B  142   132   274   143 
20  5618  11787 15603B -701B  120   141   277   129 
20  5706  11354 15825B -706B   96   153   285   118 
20  5725  11190 15912B -684B   87   163   289   119 
20  5803  10861 16091B -683B   71   175   283    85 
10  5944  10000 16584B -697B   52   191   247    32 
20  6210   8894 17277B -734B   50   187   239   118 
20  6329   8348 17648B -731B   51   186   277    37 
22  6432   7918 17956B -748B   51   183   245    63 
20  6602   7315 18421B -714B   45   196    13    54 
10  6654   7000 18681B -718B   41   201    69    57 
20  6841   6384 19226B -704B   32   218    68    94 
20  6934   6099 19500B -669B   27   234    49    90 
20  7044   5749 19857B -658B   21   251    97   127 
20  7106   5648 19965B -634B   18   267   106   148 
20  7256   5183 20493B -637B   12   289    73   151 
10  7341   5000 20714B -624B   11   299    88   131 
20  7558   4460 21426B -588B   10   313    67   129 
20  7739   4084 21978B -602B   10   309    89   164 
20  7848   3846 22352B -589B   10   313    93   150 
20  7922   3737 22535B -560B   10   321    99   146 
20  7958   3622 22733B -554B   10   323    96   159 
10  8332   3000 23934B -556B   10   322    97   184 
20  8335   2994 23947B -557B   10   322    97   185 
20  9013   2097 26250B -490B   10   342    86   188 
10  9102   2000 26560B -497B   10   340    88   211 
20  9240   1828 27147B -504B   10   338    82   202 
20  9700   1449 28674B -484B   10   344    80   256 
20  9824   1346 29161B -445B   10   355    84   298 
20 10053   1172 30091B -424B   10   362    87   250 
20 10226   1082 30638B -384B   10   374    93   268 
10 10354   1000 31179B -383B   10   375    95   256 
20 10506    933 31654B -391B   10   372    97   237 
20 10543    900 31903B -362B   10   381    86   206 
20 10556    890 31978B -354B   10   384    81   205 
20 10648    852 32286B -349B   10   385    77   201 
20 10810    800 32728B -314B   10   397    83   215 
20 10836    785 32866B -298B   10   402    81   208 
20 10930    751 33181B -292B   10   404    90   213 
10 11042    700 33678B -312B   10   397   104   218 
20 11224    631 34408B -353B   10   384 -9999 -9999 
30   100  -9999   287 -9999 -9999 -9999    88    98 
30   200  -9999   572 -9999 -9999 -9999    89   109 
30   300  -9999   852 -9999 -9999 -9999    97   119 
30   400  -9999  1172 -9999 -9999 -9999   111   114 
30   500  -9999  1461 -9999 -9999 -9999   106   116 
30   600  -9999  1736 -9999 -9999 -9999    99   106 
30   700  -9999  2036 -9999 -9999 -9999    95   109 
30   900  -9999  2642 -9999 -9999 -9999    92   110 
30  1000  -9999  2938 -9999 -9999 -9999   104    95 
30  1100  -9999  3221 -9999 -9999 -9999    98    85 
30  1200  -9999  3496 -9999 -9999 -9999    94    85 
30  1300  -9999  3758 -9999 -9999 -9999   107    80 
30  1400  -9999  4058 -9999 -9999 -9999    81    55 
30  1500  -9999  4375 -9999 -9999 -9999    79    43 
30  1600  -9999  4672 -9999 -9999 -9999   155    16 
30  1700  -9999  4966 -9999 -9999 -9999   240    14 
30  1800  -9999  5240 -9999 -9999 -9999   251    31 
30  1900  -9999  5615 -9999 -9999 -9999   275    45 
30  2000  -9999  5920 -9999 -9999 -9999   260    74 
30  2100  -9999  6181 -9999 -9999 -9999   262    65 
30  2200  -9999  6446 -9999 -9999 -9999   264    99 
30  2300  -9999  6690 -9999 -9999 -9999   260    94 
30  2400  -9999  6929 -9999 -9999 -9999   273    71 
30  2500  -9999  7153 -9999 -9999 -9999   275    54 
30  2600  -9999  7377 -9999 -9999 -9999   263    83 
30  2700  -9999  7602 -9999 -9999 -9999   257    73 
30  2800  -9999  7858 -9999 -9999 -9999   248    82 
30  2900  -9999  8100 -9999 -9999 -9999   234    98 
30  3000  -9999  8345 -9999 -9999 -9999   235    96 
30  3100  -9999  8588 -9999 -9999 -9999   240   102 
30  3200  -9999  8850 -9999 -9999 -9999   237   125 
30  3300  -9999  9128 -9999 -9999 -9999   249   133 
30  3400  -9999  9412 -9999 -9999 -9999   248   139 
30  3500  -9999  9697 -9999 -9999 -9999   244   159 
30  3600  -9999  9982 -9999 -9999 -9999   246   186 
30  3700  -9999 10249 -9999 -9999 -9999   244   187 
30  3800  -9999 10505 -9999 -9999 -9999   246   182 
30  3900  -9999 10747 -9999 -9999 -9999   243   203 
30  4000  -9999 10982 -9999 -9999 -9999   245   198 
30  4100  -9999 11225 -9999 -9999 -9999   249   213 
30  4200  -9999 11478 -9999 -9999 -9999   249   229 
30  4300  -9999 11764 -9999 -9999 -9999   245   280 
30  4400  -9999 12054 -9999 -9999 -9999   244   319 
30  4500  -9999 12365 -9999 -9999 -9999   244   367 
30  4600  -9999 12663 -9999 -9999 -9999   243   400 
30  4700  -9999 12954 -9999 -9999 -9999   241   419 
30  4800  -9999 13242 -9999 -9999 -9999   238   426 
30  4900  -9999 13530 -9999 -9999 -9999   238   436 
30  5000  -9999 13818 -9999 -9999 -9999   239   424 
30  5100  -9999 14160 -9999 -9999 -9999   241   354 
30  5200  -9999 14461 -9999 -9999 -9999   255   296 
30  5300  -9999 14730 -9999 -9999 -9999   261   259 
30  5400  -9999 14994 -9999 -9999 -9999   269   243 
30  5500  -9999 15257 -9999 -9999 -9999   269   198 
30  5600  -9999 15524 -9999 -9999 -9999   276   137 
30  5700  -9999 15797 -9999 -9999 -9999   283   115 
30  5800  -9999 16077 -9999 -9999 -9999   284    88 
30  5900  -9999 16373 -9999 -9999 -9999   252    39 
30  6000  -9999 16659 -9999 -9999 -9999   222    30 
30  6100  -9999 16951 -9999 -9999 -9999   208    97 
30  6200  -9999 17232 -9999 -9999 -9999   233   119 
30  6300  -9999 17515 -9999 -9999 -9999   261    50 
30  6400  -9999 17799 -9999 -9999 -9999   246    46 
30  6500  -9999 18100 -9999 -9999 -9999   288    48 
30  6600  -9999 18411 -9999 -9999 -9999    11    53 
30  6700  -9999 18713 -9999 -9999 -9999    65    61 
30  6800  -9999 19016 -9999 -9999 -9999    70    72 
30  6900  -9999 19324 -9999 -9999 -9999    72    90 
30  7000  -9999 19632 -9999 -9999 -9999    54    92 
30  7100  -9999 19937 -9999 -9999 -9999   105   145 
30  7200  -9999 20220 -9999 -9999 -9999    81   114 
30  7300  -9999 20512 -9999 -9999 -9999    75   152 
30  7400  -9999 20808 -9999 -9999 -9999    81   137 
30  7500  -9999 21117 -9999 -9999 -9999    78   147 
30  7600  -9999 21437 -9999 -9999 -9999    67   130 
30  7700  -9999 21764 -9999 -9999 -9999    81   165 
30  7800  -9999 22090 -9999 -9999 -9999    91   146 
30  7900  -9999 22420 -9999 -9999 -9999    97   146 
30  8000  -9999 22745 -9999 -9999 -9999    96   161 
30  8100  -9999 23085 -9999 -9999 -9999   109   169 
30  8200  -9999 23428 -9999 -9999 -9999    94   167 
30  8300  -9999 23755 -9999 -9999 -9999    90   158 
30  8400  -9999 24079 -9999 -9999 -9999    99   184 
30  8500  -9999 24400 -9999 -9999 -9999   101   162 
30  8600  -9999 24733 -9999 -9999 -9999   100   175 
30  8700  -9999 25085 -9999 -9999 -9999    93   199 
30  8800  -9999 25451 -9999 -9999 -9999    95   190 
30  8900  -9999 25808 -9999 -9999 -9999    95   164 
30  9000  -9999 26173 -9999 -9999 -9999    86   182 
30  9100  -9999 26548 -9999 -9999 -9999    88   211 
30  9200  -9999 26916 -9999 -9999 -9999    85   212 
30  9300  -9999 27267 -9999 -9999 -9999    83   222 
30  9400  -9999 27608 -9999 -9999 -9999    88   231 
30  9500  -9999 27963 -9999 -9999 -9999    80   232 
30  9600  -9999 28322 -9999 -9999 -9999    67   241 
30  9800  -9999 29020 -9999 -9999 -9999    83   290 
30  9900  -9999 29383 -9999 -9999 -9999    89   302 
30 10000  -9999 29756 -9999 -9999 -9999    90   252 
30 10100  -9999 30131 -9999 -9999 -9999    88   254 
30 10200  -9999 30489 -9999 -9999 -9999    92   263 
30 10300  -9999 30840 -9999 -9999 -9999    95   271 
30 10400  -9999 31211 -9999 -9999 -9999    96   253 
30 10500  -9999 31614 -9999 -9999 -9999    96   241 
30 10600  -9999 32003 -9999 -9999 -9999    80   205 
30 10700  -9999 32354 -9999 -9999 -9999    76   199 
30 10800  -9999 32678 -9999 -9999 -9999    82   216 
30 10900  -9999 33002 -9999 -9999 -9999    81   204 
30 11000  -9999 33377 -9999 -9999 -9999    97   212 
30 11100  -9999 33817 -9999 -9999 -9999   106   214 
30 11200  -9999 34234 -9999 -9999 -9999   106   190 
#RQM00078526 2021 06 06 00 2333  235 ncdc-nws ncdc-nws  184317  -659919
21     0 101665B    3   254B  880    21   139    26 
10    29 100000   149B  251B  821    33   112    85 
20    36  99641   180B  251B  811    35   108    87 
20   153  95615   542B  219B  967     6    97   119 
20   219  94281   665B  217B  854    25    95   109 
10   251  92500   830B  205B  865    23   104   121 
20   339  90243  1044B  192B  830    30    98   109 
20   406  88905  1173B  190B  700    56    88   136 
20   415  88469  1215B  186B  836    28    86   136 
20   438  87324  1327B  177B  881    20    90   121 
20   513  85654  1492B  169B  774    40    89   110 
10   527  85000  1558B  164B  854    25    90   125 
20   530  84829  1575B  162B  867    22    90   127 
20   612  82826  1778B  152B  810    32    90   107 
20   659  80629  2006B  136B  882    19    93   100 
20   730  79319  2145B  135B  866    22    89   113 
20   848  75888  2516B  109B  931    11    82   113 
20   918  74447  2676B  106B  838    26    81   111 
20  1007  72376  2912B   98B  829    28    72   113 
20  1037  71269  3040B   87B  860    22    79    85 
20  1051  70739  3101B   84B  792    34    82    84 
20  1104  70239  3160B   79B  848    24    81    80 
10  1110  70000  3188B   78B  821    29    80    77 
20  1124  69484  3249B   75B  761    39    79    81 
20  1444  61678  4222B   14B  882    17    77    41 
20  1518  60397  4391B   11B  823    27    48    43 
20  1554  59115  4564B    0B  815    28    23    42 
20  1711  56110  4980B  -32B  907    13    23    42 
20  1750  54748  5174B  -45B  786    32    41    34 
20  1817  53766  5317B  -54B  907    13    26    45 
20  1900  52241  5542B  -68B  979     3   334    30 
20  1918  51632  5634B  -67B  920    11   313    37 
20  1938  50889  5747B  -66B  694    47   310    59 
10  2001  50000  5885B  -77B  570    71   295    57 
20  2016  49414  5976B  -85B  615    61   285    53 
20  2031  48893  6059B  -90B  800    28   277    49 
20  2114  47494  6283B -104B  778    31   265    55 
20  2146  46571  6434B -116B  901    13   262    41 
20  2236  45178  6666B -130B  750    35   282    52 
20  2341  43391  6973B -151B  857    19   271    58 
20  2426  42259  7172B -158B  676    46   281    64 
20  2443  41823  7250B -160B  706    41   270    56 
20  2500  41336  7339B -161B  565    67   263    41 
20  2546  40075  7571B -180B  529    73   285    41 
10  2549  40000  7585B -181B  535    72   286    42 
20  2611  39455  7687B -188B  662    47   284    48 
20  2633  38859  7801B -196B  680    44   278    64 
20  2658  38229  7922B -202B  413    98   274    74 
20  2714  37793  8007B -208B  554    66   268    78 
20  2737  37248  8114B -215B  586    60   260    89 
20  2749  36963  8171B -217B  417    96   256    93 
20  2813  36371  8289B -227B  372   107   255    92 
20  2823  36149  8334B -229B  267   140   257    90 
20  2834  35905  8384B -234B  407    97   257    89 
20  2855  35411  8485B -242B  424    92   254    92 
20  2910  35079  8553B -244B  187   173   252    96 
20  3048  32626  9076B -290B  217   152   254   124 
20  3106  32230  9163B -298B  297   122   256   136 
20  3128  31828  9253B -302B  441    83   254   153 
20  3143  31563  9312B -302B  191   162   251   160 
20  3216  30985  9443B -312B  108   211   249   168 
10  3316  30000  9672B -327B  122   199   244   175 
20  3405  29216  9858B -341B  175   165   245   175 
20  3508  28199 10104B -361B   85   222   243   194 
20  3545  27596 10254B -373B  178   159   246   214 
20  3626  26943 10419B -381B   59   247   247   236 
10  3822  25000 10930B -417B   40   267   244   309 
20  3859  24380 11099B -429B   41   264   241   315 
20  4313  20551 12226B -528B  177   138   232   354 
10  4352  20000 12400B -543B  275   103   233   355 
20  4448  19257 12642B -566B  407    71   231   369 
20  4537  18613 12856B -583B  517    52   231   362 
20  4647  17737 13158B -605B  343    81   230   335 
20  4959  15447 14004B -673B  287    88   234   316 
10  5043  15000 14181B -682B  295    85   240   306 
20  5144  14356 14443B -699B  331    76   240   276 
20  5235  13796 14679B -701B  344    73   243   254 
22  5332  13233 14926B -714B  402    62   248   235 
20  5414  12811 15118B -709B  388    65   259   187 
20  5433  12633 15201B -698B  355    72   265   169 
20  5456  12421 15302B -703B  315    79   267   150 
20  5510  12297 15361B -695B  289    85   266   136 
20  5557  11871 15571B -697B  223   102   255   125 
20  5805  10672 16200B -729B  147   125   273   127 
20  5912  10119 16514B -704B  122   139   264    92 
10  5927  10000 16584B -707B  115   142   261    74 
20  6301   8462 17568B -732B   91   153   251    35 
20  6504   7631 18175B -713B   71   170    95    50 
10  6647   7000 18684B -716B   58   182    32    79 
20  6705   6893 18775B -718B   55   184    40    83 
20  7010   5961 19644B -658B   33   226    85    82 
20  7117   5654 19964B -664B   25   241   123    72 
10  7345   5000 20714B -633B   14   281    92   107 
20  7453   4710 21083B -619B   11   299   103   129 
20  7611   4413 21484B -626B   10   302   108   104 
20  7753   4076 21979B -589B   10   313    74   104 
20  8017   3616 22728B -600B   10   310    80   174 
20  8125   3416 23084B -581B   10   315    70   178 
20  8221   3255 23388B -587B   10   313    79   165 
20  8253   3168 23559B -565B   10   319    74   199 
10  8357   3000 23904B -555B   10   322    73   187 
20  8421   2941 24032B -555B   10   322    73   187 
20  8512   2811 24321B -533B   10   329    76   230 
20  8716   2518 25028B -529B   10   330    83   251 
10  9143   2000 26532B -475B   10   346    95   255 
20  9510   1673 27720B -439B   10   357    93   259 
20  9648   1525 28343B -445B   10   355    97   199 
20  9812   1419 28827B -418B   10   364    75   193 
20 10002   1290 29472B -408B   10   367    80   230 
20 10244   1110 30493B -415B   10   365    75   252 
10 10444   1000 31203B -405B   10   368    78   250 
20 10525    961 31476B -399B   10   370    85   249 
20 10629    900 31921B -406B   10   367    89   246 
20 10636    894 31967B -406B   10   367    89   248 
20 10809    820 32555B -386B   10   374    89   229 
20 10835    800 32727B -388B   10   373    86   225 
10 11102    700 33643B -389B   10   373    97   225 
20 11115    691 33731B -389B   10   373    97   227 
20 11144    671 33931B -366B   10   380    95   217 
20 11247    630 34370B -372B   10   378    97   254 
20 11323    609 34609B -342A   10   388   103   303 
20 11338    600 34710B -342A   10   388   101   308 
20 11438    572 35043B -339A   10   389 -9999 -9999 
30   100  -9999   294 -9999 -9999 -9999    90    92 
30   200  -9999   575 -9999 -9999 -9999    95   122 
30   300  -9999   870 -9999 -9999 -9999   103   123 
30   400  -9999  1144 -9999 -9999 -9999    90   132 
30   500  -9999  1435 -9999 -9999 -9999    89   106 
30   600  -9999  1723 -9999 -9999 -9999    87   116 
30   700  -9999  2010 -9999 -9999 -9999    92   100 
30   800  -9999  2280 -9999 -9999 -9999    83   128 
30   900  -9999  2580 -9999 -9999 -9999    85   107 
30  1000  -9999  2881 -9999 -9999 -9999    72   119 
30  1100  -9999  3142 -9999 -9999 -9999    81    81 
30  1200  -9999  3420 -9999 -9999 -9999    75    98 
30  1300  -9999  3726 -9999 -9999 -9999    67    72 
30  1400  -9999  4018 -9999 -9999 -9999    57    51 
30  1500  -9999  4304 -9999 -9999 -9999    69    49 
30  1600  -9999  4595 -9999 -9999 -9999    17    41 
30  1700  -9999  4924 -9999 -9999 -9999    22    47 
30  1800  -9999  5226 -9999 -9999 -9999    43    40 
30  2000  -9999  5878 -9999 -9999 -9999   296    57 
30  2100  -9999  6212 -9999 -9999 -9999   265    51 
30  2200  -9999  6498 -9999 -9999 -9999   269    40 
30  2300  -9999  6782 -9999 -9999 -9999   276    46 
30  2400  -9999  7064 -9999 -9999 -9999   280    62 
30  2600  -9999  7632 -9999 -9999 -9999   286    45 
30  2700  -9999  7933 -9999 -9999 -9999   274    74 
30  2800  -9999  8228 -9999 -9999 -9999   255    94 
30  2900  -9999  8507 -9999 -9999 -9999   254    93 
30  3000  -9999  8797 -9999 -9999 -9999   261    97 
30  3100  -9999  9136 -9999 -9999 -9999   256   132 
30  3200  -9999  9381 -9999 -9999 -9999   250   165 
30  3300  -9999  9612 -9999 -9999 -9999   244   178 
30  3400  -9999  9838 -9999 -9999 -9999   245   175 
30  3500  -9999 10073 -9999 -9999 -9999   242   191 
30  3600  -9999 10313 -9999 -9999 -9999   247   222 
30  3700  -9999 10566 -9999 -9999 -9999   245   260 
30  3800  -9999 10832 -9999 -9999 -9999   246   297 
30  3900  -9999 11104 -9999 -9999 -9999   242   316 
30  4000  -9999 11383 -9999 -9999 -9999   241   318 
30  4100  -9999 11664 -9999 -9999 -9999   237   333 
30  4200  -9999 11921 -9999 -9999 -9999   236   360 
30  4300  -9999 12171 -9999 -9999 -9999   232   356 
30  4400  -9999 12432 -9999 -9999 -9999   233   356 
30  4500  -9999 12693 -9999 -9999 -9999   231   369 
30  4600  -9999 12956 -9999 -9999 -9999   230   348 
30  4700  -9999 13214 -9999 -9999 -9999   231   334 
30  4800  -9999 13484 -9999 -9999 -9999   233   313 
30  4900  -9999 13752 -9999 -9999 -9999   233   294 
30  5000  -9999 14008 -9999 -9999 -9999   234   316 
30  5100  -9999 14252 -9999 -9999 -9999   241   296 
30  5200  -9999 14516 -9999 -9999 -9999   239   270 
30  5300  -9999 14791 -9999 -9999 -9999   246   247 
30  5400  -9999 15053 -9999 -9999 -9999   253   205 
30  5500  -9999 15319 -9999 -9999 -9999   267   146 
30  5600  -9999 15586 -9999 -9999 -9999   255   127 
30  5700  -9999 15875 -9999 -9999 -9999   257   168 
30  5800  -9999 16176 -9999 -9999 -9999   273   131 
30  5900  -9999 16458 -9999 -9999 -9999   264   104 
30  6000  -9999 16734 -9999 -9999 -9999   231    54 
30  6100  -9999 17013 -9999 -9999 -9999   270    57 
30  6200  -9999 17289 -9999 -9999 -9999   320    73 
30  6300  -9999 17563 -9999 -9999 -9999   252    35 
30  6400  -9999 17861 -9999 -9999 -9999    29    34 
30  6500  -9999 18155 -9999 -9999 -9999    96    50 
30  6600  -9999 18448 -9999 -9999 -9999    37    28 
30  6700  -9999 18750 -9999 -9999 -9999    39    83 
30  6800  -9999 19050 -9999 -9999 -9999    56    77 
30  6900  -9999 19334 -9999 -9999 -9999    66    59 
30  7000  -9999 19597 -9999 -9999 -9999    75    86 
30  7100  -9999 19882 -9999 -9999 -9999   126    85 
30  7200  -9999 20177 -9999 -9999 -9999    91    86 
30  7300  -9999 20477 -9999 -9999 -9999    95   101 
30  7400  -9999 20794 -9999 -9999 -9999    87   101 
30  7500  -9999 21119 -9999 -9999 -9999   104   127 
30  7600  -9999 21427 -9999 -9999 -9999   108   111 
30  7700  -9999 21723 -9999 -9999 -9999   103    78 
30  7800  -9999 22014 -9999 -9999 -9999    71   108 
30  7900  -9999 22331 -9999 -9999 -9999    80   138 
30  8000  -9999 22639 -9999 -9999 -9999    76   175 
30  8100  -9999 22952 -9999 -9999 -9999    74   179 
30  8200  -9999 23275 -9999 -9999 -9999    74   168 
30  8300  -9999 23595 -9999 -9999 -9999    73   208 
30  8400  -9999 23920 -9999 -9999 -9999    73   186 
30  8500  -9999 24251 -9999 -9999 -9999    75   210 
30  8600  -9999 24601 -9999 -9999 -9999    73   228 
30  8700  -9999 24939 -9999 -9999 -9999    83   254 
30  8800  -9999 25266 -9999 -9999 -9999    77   226 
30  8900  -9999 25598 -9999 -9999 -9999    76   237 
30  9000  -9999 25950 -9999 -9999 -9999    83   247 
30  9100  -9999 26300 -9999 -9999 -9999    83   259 
30  9200  -9999 26632 -9999 -9999 -9999   100   253 
30  9300  -9999 26950 -9999 -9999 -9999    94   248 
30  9400  -9999 27286 -9999 -9999 -9999    92   284 
30  9500  -9999 27656 -9999 -9999 -9999    93   259 
30  9600  -9999 28041 -9999 -9999 -9999    99   227 
30  9700  -9999 28414 -9999 -9999 -9999    93   189 
30  9800  -9999 28765 -9999 -9999 -9999    74   196 
30  9900  -9999 29098 -9999 -9999 -9999    76   188 
30 10000  -9999 29460 -9999 -9999 -9999    80   231 
30 10100  -9999 29847 -9999 -9999 -9999    73   217 
30 10200  -9999 30229 -9999 -9999 -9999    68   230 
30 10300  -9999 30593 -9999 -9999 -9999    78   249 
30 10400  -9999 30935 -9999 -9999 -9999    78   233 
30 10500  -9999 31306 -9999 -9999 -9999    80   255 
30 10600  -9999 31722 -9999 -9999 -9999    88   241 
30 10700  -9999 32129 -9999 -9999 -9999    89   253 
30 10800  -9999 32510 -9999 -9999 -9999    90   230 
30 10900  -9999 32872 -9999 -9999 -9999    87   215 
30 11000  -9999 33242 -9999 -9999 -9999    92   220 
30 11100  -9999 33632 -9999 -9999 -9999    97   224 
30 11200  -9999 34040 -9999 -9999 -9999    94   212 
30 11300  -9999 34451 -9999 -9999 -9999   101   274 
30 11400  -9999 34824 -9999 -9999 -9999   100   305 
#RQM00078526 2021 06 06 12 1101  226 ncdc-nws ncdc-nws  184317  -659919
21     0 101726B    3   259B  830    31    87    36 
10    29 100000   154B  251B  819    33    82    84 
20   219  93953   700B  210B  820    32    92   114 
10   248  92500   835B  203B  749    46    91   116 
20   312  91274   950B  195B  701    56    90   118 
20   333  90214  1051B  186B  800    35    91   119 
20   356  88881  1179B  178B  798    35    91   109 
20   448  86417  1419B  166B  719    51    95   104 
10   517  85000  1560B  159B  779    38    95   101 
20   634  81376  1930B  132B  936    10    91   103 
20   658  80288  2043B  130B  846    25    91    98 
20   734  78496  2233B  118B  915    13    84    97 
20   809  76721  2425B  114B  860    23    78    98 
20   918  73344  2800B   93B  787    35    80    84 
20   939  72319  2917B   83B  904    15    75    88 
20  1002  71167  3050B   81B  791    34    71    81 
20  1015  70538  3123B   75B  866    21    77    76 
10  1028  70000  3186B   73B  850    23    81    76 
20  1034  69791  3211B   71B  828    27    79    76 
20  1056  68872  3320B   72B  452   111    66    73 
20  1107  68436  3372B   68B  522    91    63    71 
20  1141  67017  3544B   61B  437   114    45    57 
20  1222  65443  3738B   48B  430   115    50    43 
20  1300  63951  3926B   37B  570    77    43    41 
20  1313  63419  3994B   35B  483    99    48    35 
20  1357  61669  4221B   18B  645    60    54    15 
20  1430  60426  4385B    7B  501    92    19    17 
20  1447  59688  4483B    0B  525    86    13    19 
20  1458  59204  4548B   -5B  570    75    21    11 
20  1542  57555  4773B  -19B  439   106    51    10 
20  1556  57049  4844B  -26B  538    81   359    13 
20  1609  56612  4905B  -28B  445   104   341    11 
20  1623  56114  4975B  -33B  538    80   318     9 
20  1636  55621  5044B  -35B  338   137   318    12 
20  1652  54986  5135B  -44B  534    80   296    15 
20  1705  54521  5202B  -50B  780    32   263    20 
20  1737  53349  5372B  -65B  890    15   239    17 
20  1752  52837  5448B  -69B  826    25   247    16 
20  1801  52546  5491B  -68B  718    42   258    22 
20  1828  51599  5633B  -68B  591    66   295    41 
20  1850  50944  5733B  -74B  577    69   286    55 
20  1859  50603  5785B  -77B  474    93   280    60 
20  1911  50252  5839B  -81B  572    70   277    62 
10  1920  50000  5878B  -81B  503    85   274    63 
20  1938  49508  5955B  -84B  397   113   263    65 
20  2005  48694  6083B  -89B  401   111   264    66 
20  2023  48191  6164B  -91B  149   220   278    54 
20  2031  47958  6201B  -94B  140   226   287    45 
20  2119  46498  6440B  -95B   15   436   308    64 
20  2408  42165  7187B -149B   11   444   320    50 
10  2530  40000  7584B -169B   10   445   313    50 
20  2551  39491  7680B -175B   10   443   312    47 
20  2952  34159  8747B -264B   20   360   296    52 
20  3031  33251  8941B -283B  328   114   293    54 
20  3056  32730  9054B -290B   30   320   291    53 
20  3125  32073  9199B -298B  185   166   277    76 
20  3148  31575  9310B -303B   73   247   272    88 
20  3223  30857  9473B -312B  104   215   272    89 
20  3235  30617  9529B -317B  158   177   271    94 
20  3256  30016  9669B -328B   86   228   270   114 
10  3257  30000  9672B -328B   85   228   269   114 
20  3600  26317 10579B -405B   84   215   255   176 
10  3711  25000 10927B -427B  102   196   248   236 
20  3712  24980 10932B -428B  103   194   248   236 
20  3752  24297 11118B -444B  296   107   248   242 
20  3939  22432 11648B -486B  540    53   245   290 
20  4106  20904 12108B -519B  621    40   238   318 
20  4149  20133 12351B -538B  551    49   234   330 
10  4156  20000 12393B -542B  531    52   234   331 
20  4259  18812 12782B -579B  503    54   237   349 
20  4400  17848 13111B -609B  352    79   240   355 
20  4526  16429 13621B -655B  429    62   248   349 
10  4655  15000 14167B -706B  413    61   250   360 
20  4734  14435 14393B -727B  402    61   255   362 
22  4821  13791 14660B -733B  385    64   265   292 
20  4855  13407 14827B -703B  379    67   271   225 
20  4940  12981 15019B -694B  299    83   276   162 
20  5103  12139 15418B -701B  181   115   242   117 
20  5230  11238 15874B -727B  138   128   259   129 
20  5301  10982 16009B -718B  126   135   272   121 
20  5353  10577 16230B -731B  110   141   276    89 
20  5410  10440 16307B -722B  105   146   265    84 
10  5501  10000 16559B -734B   94   150   241   103 
20  5618   9444 16894B -730B   83   158   281   106 
20  5630   9362 16945B -713B   80   163   293    94 
20  5728   8937 17221B -694B   65   179   343    66 
20  5822   8529 17498B -714B   51   189   340    58 
20  5902   8240 17702B -700B   45   199    68    26 
20  6015   7754 18062B -711B   38   207   114    33 
20  6041   7608 18176B -695B   35   214   104    35 
10  6228   7000 18671B -704B   27   226   124    52 
20  6316   6734 18901B -702B   26   229   106    44 
20  6431   6332 19269B -679B   23   241    59    67 
20  6447   6252 19346B -655B   21   253    68    85 
20  6522   6086 19510B -640B   19   263    57    82 
20  6820   5269 20389B -655B   10   294   116   112 
20  6846   5146 20533B -637B   10   299   107    86 
10  6918   5000 20710B -637B   10   299    83   103 
20  7011   4783 20983B -636B   10   299    92    86 
20  7054   4624 21192B -617B   10   305    63   109 
20  7222   4295 21647B -631B   10   300    75   167 
20  7641   3424 23060B -563B   10   320    98   206 
20  7828   3116 23660B -565B   10   319   101   189 
10  7915   3000 23902B -551B   10   324    99   205 
20  8002   2890 24142B -537B   10   328    96   178 
20  8154   2619 24774B -527B   10   331    88   177 
20  8342   2374 25407B -539B   10   327    82   208 
20  8532   2154 26033B -504B   10   337    77   216 
10  8656   2000 26518B -508B   10   336    74   266 
20  8709   1977 26594B -510B   10   336    75   260 
20  8905   1782 27272B -491B   10   341    80   277 
20  8930   1738 27435B -501B   10   339    83   279 
20  9310   1412 28808B -441B   10   357    83   276 
20  9341   1371 29006B -449B   10   354    89   286 
20  9414   1330 29211B -421B   10   363    90   257 
20  9523   1249 29633B -421B   10   363    95   283 
20  9639   1175 30053B -374B   10   377   103   265 
20  9744   1113 30425B -371B   10   378   109   243 
20  9911   1031 30956B -341B   10   388   107   222 
10  9945   1000 31171B -349B   10   385   117   222 
20 10020    968 31394B -363B   10   381   114   198 
20 10141    900 31904B -349B   10   385   102   153 
20 10157    887 32003B -339B   10   388    92   139 
20 10357    800 32725B -356B   10   383    70   168 
20 10448    766 33031B -356B   10   383    73   159 
30   100  -9999   310 -9999 -9999 -9999    91   102 
30   200  -9999   608 -9999 -9999 -9999    93   112 
30   300  -9999   891 -9999 -9999 -9999    90   117 
30   400  -9999  1197 -9999 -9999 -9999    91   108 
30   500  -9999  1473 -9999 -9999 -9999    95   104 
30   600  -9999  1762 -9999 -9999 -9999    94   106 
30   700  -9999  2053 -9999 -9999 -9999    91    97 
30   800  -9999  2375 -9999 -9999 -9999    79    97 
30   900  -9999  2694 -9999 -9999 -9999    76    88 
30  1000  -9999  3038 -9999 -9999 -9999    71    82 
30  1100  -9999  3338 -9999 -9999 -9999    65    73 
30  1200  -9999  3631 -9999 -9999 -9999    51    54 
30  1400  -9999  4236 -9999 -9999 -9999    60    16 
30  1500  -9999  4560 -9999 -9999 -9999    29    10 
30  1600  -9999  4861 -9999 -9999 -9999   352    13 
30  1700  -9999  5177 -9999 -9999 -9999   275    19 
30  1800  -9999  5486 -9999 -9999 -9999   256    21 
30  1900  -9999  5790 -9999 -9999 -9999   280    61 
30  2000  -9999  6063 -9999 -9999 -9999   261    67 
30  2100  -9999  6347 -9999 -9999 -9999   304    42 
30  2200  -9999  6610 -9999 -9999 -9999   312    68 
30  2300  -9999  6879 -9999 -9999 -9999   320    55 
30  2400  -9999  7151 -9999 -9999 -9999   321    53 
30  2500  -9999  7432 -9999 -9999 -9999   322    51 
30  2600  -9999  7721 -9999 -9999 -9999   314    45 
30  2700  -9999  7991 -9999 -9999 -9999   323    49 
30  2800  -9999  8257 -9999 -9999 -9999   325    62 
30  2900  -9999  8518 -9999 -9999 -9999   317    55 
30  3000  -9999  8784 -9999 -9999 -9999   293    54 
30  3100  -9999  9073 -9999 -9999 -9999   289    54 
30  3200  -9999  9367 -9999 -9999 -9999   271    89 
30  3300  -9999  9692 -9999 -9999 -9999   269   117 
30  3400  -9999 10052 -9999 -9999 -9999   253   138 
30  3500  -9999 10318 -9999 -9999 -9999   252   156 
30  3700  -9999 10879 -9999 -9999 -9999   249   235 
30  3800  -9999 11156 -9999 -9999 -9999   248   244 
30  3900  -9999 11450 -9999 -9999 -9999   247   263 
30  4000  -9999 11762 -9999 -9999 -9999   244   300 
30  4100  -9999 12077 -9999 -9999 -9999   238   315 
30  4200  -9999 12421 -9999 -9999 -9999   234   332 
30  4300  -9999 12788 -9999 -9999 -9999   237   349 
30  4500  -9999 13441 -9999 -9999 -9999   244   350 
30  4600  -9999 13840 -9999 -9999 -9999   249   322 
30  4700  -9999 14205 -9999 -9999 -9999   250   361 
30  4800  -9999 14552 -9999 -9999 -9999   261   339 
30  4900  -9999 14849 -9999 -9999 -9999   271   217 
30  5000  -9999 15104 -9999 -9999 -9999   276   145 
30  5100  -9999 15402 -9999 -9999 -9999   242   118 
30  5200  -9999 15733 -9999 -9999 -9999   261   128 
30  5300  -9999 16005 -9999 -9999 -9999   271   122 
30  5400  -9999 16261 -9999 -9999 -9999   272    85 
30  5500  -9999 16553 -9999 -9999 -9999   240   103 
30  5600  -9999 16817 -9999 -9999 -9999   275   105 
30  5700  -9999 17082 -9999 -9999 -9999   325    67 
30  5800  -9999 17384 -9999 -9999 -9999   337    68 
30  5900  -9999 17692 -9999 -9999 -9999    63    27 
30  6000  -9999 17996 -9999 -9999 -9999   131    33 
30  6100  -9999 18261 -9999 -9999 -9999    86    39 
30  6200  -9999 18535 -9999 -9999 -9999   124    70 
30  6300  -9999 18823 -9999 -9999 -9999   109    49 
30  6400  -9999 19116 -9999 -9999 -9999    47    57 
30  6500  -9999 19407 -9999 -9999 -9999    68    89 
30  6600  -9999 19688 -9999 -9999 -9999    62    77 
30  6700  -9999 19968 -9999 -9999 -9999    88   122 
30  6800  -9999 20281 -9999 -9999 -9999   108   123 
30  6900  -9999 20609 -9999 -9999 -9999    91    88 
30  7000  -9999 20930 -9999 -9999 -9999    94    92 
30  7100  -9999 21221 -9999 -9999 -9999    61   115 
30  7200  -9999 21527 -9999 -9999 -9999    68   169 
30  7300  -9999 21857 -9999 -9999 -9999    86   164 
30  7400  -9999 22188 -9999 -9999 -9999    88   174 
30  7500  -9999 22501 -9999 -9999 -9999    96   160 
30  7600  -9999 22821 -9999 -9999 -9999   102   172 
30  7700  -9999 23170 -9999 -9999 -9999   101   203 
30  7800  -9999 23509 -9999 -9999 -9999   103   182 
30  7900  -9999 23826 -9999 -9999 -9999    99   205 
30  8000  -9999 24131 -9999 -9999 -9999    96   179 
30  8100  -9999 24458 -9999 -9999 -9999   100   182 
30  8200  -9999 24811 -9999 -9999 -9999    87   175 
30  8300  -9999 25164 -9999 -9999 -9999    78   194 
30  8400  -9999 25508 -9999 -9999 -9999    84   203 
30  8500  -9999 25852 -9999 -9999 -9999    83   202 
30  8600  -9999 26196 -9999 -9999 -9999    75   240 
30  8700  -9999 26542 -9999 -9999 -9999    74   265 
30  8800  -9999 26884 -9999 -9999 -9999    77   247 
30  8900  -9999 27241 -9999 -9999 -9999    80   272 
30  9000  -9999 27627 -9999 -9999 -9999    87   250 
30  9100  -9999 28010 -9999 -9999 -9999    85   246 
30  9200  -9999 28369 -9999 -9999 -9999    82   264 
30  9300  -9999 28741 -9999 -9999 -9999    82   271 
30  9400  -9999 29128 -9999 -9999 -9999    91   272 
30  9500  -9999 29498 -9999 -9999 -9999    92   281 
30  9600  -9999 29836 -9999 -9999 -9999    98   266 
30  9700  -9999 30170 -9999 -9999 -9999   105   268 
30  9800  -9999 30523 -9999 -9999 -9999   106   234 
30  9900  -9999 30891 -9999 -9999 -9999   103   219 
30 10000  -9999 31268 -9999 -9999 -9999   118   216 
30 10100  -9999 31644 -9999 -9999 -9999   104   168 
30 10200  -9999 32021 -9999 -9999 -9999    90   138 
30 10300  -9999 32377 -9999 -9999 -9999    76   159 
30 10400  -9999 32742 -9999 -9999 -9999    69   168 
#RQM00078526 2021 06 07 00 2301  186 ncdc-nws ncdc-nws  184317  -659919
21     0 101606B    3   272B  750    48    88    41 
10    24 100000   144B  258B  794    38    84    74 
20   121  96424   464B  230B  862    24    84    99 
20   138  95492   549B  227B  772    42    85   106 
10   230  92500   826B  209B  732    50    86   116 
20   231  92460   830B  208B  732    50    86   116 
20   307  90313  1033B  195B  741    47    85   112 
20   325  89239  1136B  186B  824    31    84   113 
10   440  85000  1553B  159B  814    32    80   110 
20   457  84087  1645B  152B  893    18    79   101 
20   608  80346  2030B  136B  814    31    79   101 
20   717  76708  2420B  125B  562    85    77    92 
20   803  74421  2674B  110B  592    76    81    81 
20   815  73823  2741B  109B  492   102    85    81 
20   908  71242  3037B   91B  516    94    85    74 
20   918  70770  3092B   87B  582    78    82    71 
20   929  70236  3155B   86B  437   116    77    70 
10   934  70000  3183B   84B  470   106    76    69 
20   940  69692  3219B   81B  537    88    74    68 
20  1007  68391  3374B   74B  337   150    71    59 
20  1045  66707  3579B   58B  388   129    64    58 
20  1056  66222  3639B   52B  501    95    56    53 
20  1106  65733  3699B   52B  300   162    46    48 
20  1125  64850  3810B   46B  243   187    26    43 
20  1155  63563  3972B   37B  295   162    11    35 
20  1210  62963  4049B   36B  161   234   358    29 
20  1247  61382  4255B   28B  139   250   323    51 
20  1331  59555  4499B    8B  299   157   301    43 
20  1353  58676  4618B    0B  286   161   298    46 
20  1458  55791  5019B  -37B  345   134   304    37 
20  1509  55304  5088B  -32B   82   295   318    37 
20  1526  54676  5178B  -29B   38   371   320    29 
10  1722  50000  5881B  -66B   17   434   331    48 
20  1747  49068  6027B  -74B   16   437   338    50 
20  1918  46009  6527B  -92B   10   472   347    27 
10  2219  40000  7592B -166B   10   446   299    26 
20  2737  32590  9095B -283B   53   277   276    67 
20  2813  31880  9253B -292B  156   183   277    73 
20  2837  31438  9352B -299B  310   118   275    70 
20  2936  30347  9603B -313B  127   198   270    79 
10  2950  30000  9684B -320B  132   193   271    85 
20  3008  29523  9797B -331B  166   171   267    94 
20  3022  29149  9887B -340B  417    86   263   107 
20  3103  28102 10142B -364B  546    59   262   129 
20  3119  27674 10248B -372B  656    41   261   132 
20  3231  25883 10708B -394B  681    37   247   176 
10  3308  25000 10945B -415B  701    33   237   182 
20  3446  22630 11611B -476B  768    23   229   168 
20  3541  21310 12005B -512B  611    42   238   195 
10  3642  20000 12414B -550B  548    49   248   208 
20  3655  19714 12505B -559B  525    52   249   209 
20  3850  17716 13175B -624B  518    50   248   250 
10  4220  15000 14181B -708B  528    44   252   340 
22  4327  14320 14454B -730B  515    45   256   364 
20  4353  14067 14559B -726B  502    47   261   333 
20  4406  13892 14633B -710B  497    48   265   304 
20  4532  12791 15120B -717B  468    52   284   156 
20  4631  12145 15427B -697B  378    68   260    93 
20  4730  11508 15748B -697B  267    90   260    62 
20  4911  10400 16346B -732B  172   115   278    53 
20  4938  10122 16504B -734B  162   118   286    85 
10  4951  10000 16575B -727B  157   121   294    94 
20  5040   9513 16868B -733B  142   126   324    52 
20  5119   9130 17109B -715B  127   135   156    18 
20  5246   8356 17630B -736B  107   142   180    31 
20  5407   7648 18152B -702B   81   164   358    41 
10  5539   7000 18677B -698B   56   187    74    31 
20  5633   6622 19008B -701B   46   197    85    51 
20  5810   6118 19483B -659B   32   227   104    56 
20  5958   5601 20020B -654B   17   265    94    52 
20  6158   5067 20636B -618B   10   304    86    91 
10  6215   5000 20718B -620B   10   304    91   106 
20  6338   4684 21120B -628B   10   301    85    95 
20  6440   4453 21434B -596B   10   311    82   100 
20  6945   3429 23068B -591B   10   312    82   119 
20  7115   3173 23559B -556B   10   322    72   170 
10  7223   3000 23915B -555B   10   322    77   197 
20  7226   2992 23932B -555B   10   322    78   199 
20  7327   2833 24279B -577B   10   316    88   225 
20  7448   2631 24746B -570B   10   318    86   222 
20  7519   2559 24922B -546B   10   325    85   218 
20  7656   2350 25470B -528B   10   330    86   223 
20  7740   2256 25734B -503B   10   338    88   209 
20  7930   2045 26375B -496B   10   340    78   243 
10  7956   2000 26522B -488B   10   342    82   247 
20  8110   1877 26940B -465B   10   349    90   226 
20  8256   1706 27575B -460B   10   351    93   219 
20  8509   1518 28355B -430B   10   360    99   222 
20  8615   1440 28712B -434B   10   359   100   211 
20  8731   1352 29139B -414B   10   365   101   226 
20  9148   1069 30723B -431B   10   360    88   188 
10  9257   1000 31173B -420B   10   363    77   190 
20  9338    962 31438B -415B   10   365    74   196 
30   100  -9999   351 -9999 -9999 -9999    81    92 
30   200  -9999   666 -9999 -9999 -9999    87   112 
30   300  -9999   994 -9999 -9999 -9999    86   114 
30   400  -9999  1330 -9999 -9999 -9999    80   119 
30   500  -9999  1661 -9999 -9999 -9999    79    99 
30   600  -9999  1987 -9999 -9999 -9999    80   101 
30   700  -9999  2321 -9999 -9999 -9999    76    94 
30   800  -9999  2657 -9999 -9999 -9999    80    81 
30   900  -9999  2993 -9999 -9999 -9999    87    77 
30  1000  -9999  3334 -9999 -9999 -9999    72    62 
30  1100  -9999  3663 -9999 -9999 -9999    52    51 
30  1200  -9999  3998 -9999 -9999 -9999     7    33 
30  1300  -9999  4330 -9999 -9999 -9999   317    48 
30  1400  -9999  4659 -9999 -9999 -9999   297    42 
30  1500  -9999  5032 -9999 -9999 -9999   307    37 
30  1600  -9999  5399 -9999 -9999 -9999   355    19 
30  1700  -9999  5767 -9999 -9999 -9999   343    49 
30  1800  -9999  6110 -9999 -9999 -9999   340    49 
30  1900  -9999  6431 -9999 -9999 -9999   354    31 
30  2000  -9999  6757 -9999 -9999 -9999   343    35 
30  2100  -9999  7110 -9999 -9999 -9999   333    23 
30  2200  -9999  7485 -9999 -9999 -9999   304    24 
30  2300  -9999  7790 -9999 -9999 -9999   308    18 
30  2400  -9999  8074 -9999 -9999 -9999   285    29 
30  2500  -9999  8355 -9999 -9999 -9999   268    34 
30  2600  -9999  8646 -9999 -9999 -9999   282    45 
30  2700  -9999  8929 -9999 -9999 -9999   281    55 
30  2800  -9999  9195 -9999 -9999 -9999   277    72 
30  2900  -9999  9443 -9999 -9999 -9999   269    65 
30  3000  -9999  9743 -9999 -9999 -9999   269    90 
30  3100  -9999 10124 -9999 -9999 -9999   262   130 
30  3200  -9999 10494 -9999 -9999 -9999   260   172 
30  3300  -9999 10897 -9999 -9999 -9999   238   183 
30  3400  -9999 11331 -9999 -9999 -9999   226   173 
30  3500  -9999 11716 -9999 -9999 -9999   230   172 
30  3600  -9999 12130 -9999 -9999 -9999   243   205 
30  3700  -9999 12540 -9999 -9999 -9999   250   213 
30  3800  -9999 12914 -9999 -9999 -9999   252   244 
30  3900  -9999 13219 -9999 -9999 -9999   247   260 
30  4000  -9999 13490 -9999 -9999 -9999   248   287 
30  4100  -9999 13805 -9999 -9999 -9999   248   307 
30  4200  -9999 14091 -9999 -9999 -9999   250   327 
30  4300  -9999 14345 -9999 -9999 -9999   254   363 
30  4400  -9999 14594 -9999 -9999 -9999   263   318 
30  4500  -9999 14953 -9999 -9999 -9999   275   198 
30  4600  -9999 15263 -9999 -9999 -9999   279   120 
30  4700  -9999 15583 -9999 -9999 -9999   271    79 
30  4800  -9999 15929 -9999 -9999 -9999   240    71 
30  4900  -9999 16285 -9999 -9999 -9999   273    52 
30  5000  -9999 16622 -9999 -9999 -9999   301    92 
30  5100  -9999 16986 -9999 -9999 -9999   335    11 
30  5200  -9999 17355 -9999 -9999 -9999   203    49 
30  5300  -9999 17719 -9999 -9999 -9999   225    26 
30  5400  -9999 18110 -9999 -9999 -9999   349    42 
30  5500  -9999 18460 -9999 -9999 -9999    23    44 
30  5600  -9999 18800 -9999 -9999 -9999    99    33 
30  5700  -9999 19143 -9999 -9999 -9999   106    65 
30  5800  -9999 19438 -9999 -9999 -9999   108    60 
30  5900  -9999 19727 -9999 -9999 -9999    63    89 
30  6000  -9999 20031 -9999 -9999 -9999    94    50 
30  6100  -9999 20341 -9999 -9999 -9999    57    74 
30  6200  -9999 20646 -9999 -9999 -9999    86    93 
30  6300  -9999 20933 -9999 -9999 -9999    93   108 
30  6400  -9999 21229 -9999 -9999 -9999    88    97 
30  6500  -9999 21539 -9999 -9999 -9999    82   109 
30  6600  -9999 21851 -9999 -9999 -9999    88   128 
30  6700  -9999 22160 -9999 -9999 -9999    91   123 
30  6800  -9999 22476 -9999 -9999 -9999    78   143 
30  6900  -9999 22808 -9999 -9999 -9999    79   118 
30  7000  -9999 23152 -9999 -9999 -9999    81   129 
30  7100  -9999 23479 -9999 -9999 -9999    70   162 
30  7200  -9999 23792 -9999 -9999 -9999    74   185 
30  7300  -9999 24123 -9999 -9999 -9999    84   215 
30  7400  -9999 24475 -9999 -9999 -9999    88   218 
30  7500  -9999 24813 -9999 -9999 -9999    85   225 
30  7600  -9999 25150 -9999 -9999 -9999    85   223 
30  7700  -9999 25494 -9999 -9999 -9999    87   222 
30  7800  -9999 25850 -9999 -9999 -9999    81   202 
30  7900  -9999 26207 -9999 -9999 -9999    78   228 
30  8000  -9999 26549 -9999 -9999 -9999    82   247 
30  8100  -9999 26884 -9999 -9999 -9999    90   225 
30  8200  -9999 27235 -9999 -9999 -9999    95   229 
30  8300  -9999 27600 -9999 -9999 -9999    93   221 
30  8400  -9999 27966 -9999 -9999 -9999    90   225 
30  8500  -9999 28307 -9999 -9999 -9999    96   231 
30  8600  -9999 28631 -9999 -9999 -9999   104   197 
30  8700  -9999 28961 -9999 -9999 -9999   101   241 
30  8800  -9999 29315 -9999 -9999 -9999   103   204 
30  8900  -9999 29686 -9999 -9999 -9999   102   214 
30  9000  -9999 30063 -9999 -9999 -9999    98   241 
30  9100  -9999 30432 -9999 -9999 -9999    91   219 
30  9200  -9999 30805 -9999 -9999 -9999    85   186 
30  9300  -9999 31190 -9999 -9999 -9999    77   190 
#RQM00078526 2021 06 07 12 1100  224 ncdc-nws ncdc-nws  184317  -659919
21     0 101580B    3   253B  880    21   114    21 
10    29 100000   141B  256B  822    33    83    79 
20   130  96560   449B  229B  899    17    78    95 
20   250  92612   813B  203B  860    24    96    91 
10   252  92500   823B  202B  857    25    96    91 
20   455  86071  1443B  172B  721    51    92    98 
10   515  85000  1550B  164B  723    50    97    96 
20   634  81042  1955B  136B  891    18    87    86 
20   710  79417  2126B  128B  882    19    89    97 
20   730  78432  2231B  126B  726    48    92    96 
20   749  77500  2331B  119B  827    29    96    90 
20   800  76985  2387B  120B  742    44    97    87 
20   820  76128  2481B  114B  816    30    98    86 
20   858  74425  2670B  104B  797    33    94    83 
20   910  73893  2730B  104B  680    57    92    83 
20   923  73335  2793B   99B  746    43    88    81 
20   941  72532  2885B   96B  641    65    85    71 
20  1013  71020  3059B   84B  733    45    87    73 
20  1031  70259  3148B   83B  501    98    90    75 
10  1037  70000  3179B   80B  565    81    90    77 
20  1043  69784  3204B   78B  614    70    90    76 
20  1105  68879  3312B   73B  479   103    93    74 
20  1141  67421  3488B   58B  565    80    99    72 
20  1200  66666  3580B   53B  490    98    96    68 
20  1209  66298  3625B   49B  587    74    92    69 
20  1256  64520  3846B   39B  268   174    82    73 
20  1303  64250  3880B   36B  410   120    79    73 
20  1308  64061  3904B   36B  346   142    76    71 
20  1317  63723  3947B   32B  464   104    73    66 
20  1328  63323  3998B   29B  423   116    71    58 
20  1338  62956  4045B   24B  617    66    75    52 
20  1350  62494  4105B   20B  708    47    78    46 
20  1400  62033  4165B   20B  448   108    79    36 
20  1411  61600  4221B   17B  529    86    79    22 
20  1428  61053  4293B   16B  290   161    92    15 
20  1438  60654  4346B   12B  223   192    86    20 
20  1505  59626  4483B    2B  561    77    77    39 
20  1511  59413  4512B    0B  511    89    77    43 
20  1525  58865  4586B    0B  346   138    72    52 
20  1532  58593  4623B   -3B  384   125    71    55 
20  1544  58143  4685B   -6B  297   156    66    62 
20  1604  57370  4791B  -16B  371   128    68    64 
20  1633  56345  4935B  -21B  271   165    73    59 
20  1643  56012  4982B  -26B  635    60    67    58 
20  1652  55692  5027B  -26B  340   137    61    55 
20  1701  55358  5075B  -31B  535    81    57    50 
20  1710  55051  5119B  -32B  430   108    54    43 
20  1721  54637  5179B  -33B  496    90    49    37 
20  1730  54322  5224B  -35B  373   125    45    36 
20  1736  54125  5253B  -35B  380   123    43    36 
20  1802  53238  5383B  -47B  520    84    50    44 
20  1814  52839  5442B  -50B  398   116    54    44 
20  1825  52457  5499B  -50B  222   183    56    41 
20  1900  51329  5670B  -56B  161   218    78    28 
20  1934  50341  5822B  -66B   63   314    55    10 
10  1946  50000  5875B  -70B   55   326    53    14 
20  2007  49354  5976B  -77B   67   304    55    18 
20  2024  48930  6043B  -69B   25   399    63    15 
20  2038  48557  6103B  -71B   25   398    95    11 
20  2446  41169  7366B -165B   12   433   255    19 
10  2535  40000  7582B -179B   10   438   309    25 
20  2631  38721  7824B -192B   10   437   309    29 
20  3135  32052  9198B -304B   13   382   299    54 
20  3202  31461  9330B -306B   99   220   284    74 
20  3214  31223  9384B -309B   56   267   283    81 
20  3228  30966  9443B -311B  262   132   281    84 
10  3312  30000  9666B -330B  429    84   256   103 
20  3344  29251  9844B -343B  564    57   249   112 
20  3410  28672  9983B -356B  575    54   245   121 
20  3440  28089 10126B -368B  484    70   242   113 
20  3557  26507 10524B -399B  639    43   237   130 
10  3708  25000 10921B -432B  691    34   232   140 
20  3724  24669 11011B -439B  707    32   233   132 
20  3906  22660 11575B -487B  585    47   233   151 
20  4104  20702 12162B -539B  636    38   241   179 
10  4143  20000 12383B -556B  624    39   249   198 
20  4345  17634 13172B -621B  548    46   252   319 
20  4504  16317 13647B -663B  620    35   254   360 
10  4635  15000 14151B -707B  520    45   258   357 
20  4643  14897 14192B -711B  513    46   259   356 
20  4825  13806 14639B -736B  461    52   270   352 
22  4940  12989 14995B -746B  457    52   281   295 
20  4950  12896 15037B -735B  453    53   284   275 
20  5025  12526 15208B -724B  438    56   294   204 
20  5047  12304 15313B -700B  392    65   297   140 
20  5059  12103 15412B -692B  353    72   293    95 
20  5231  11051 15950B -724B  186   111   240    67 
20  5256  10842 16063B -714B  162   120   244    75 
20  5358  10343 16340B -724B  119   138   255    50 
20  5422  10163 16444B -700B  104   149   216    28 
10  5445  10000 16540B -702B   93   156   212    52 
20  5817   8456 17532B -718B   51   188   340    43 
20  5918   8082 17800B -686B   41   207    57    33 
10  6224   7000 18659B -695B   26   231    32    58 
20  6237   6929 18720B -695B   25   233    32    55 
20  6328   6653 18964B -666B   23   245    29    51 
10  6921   5000 20702B -634B   11   296    93    96 
20  7045   4677 21113B -629B   10   301    85   145 
20  7123   4538 21299B -612B   10   306    89   126 
20  7400   3962 22144B -595B   10   311    99   122 
20  7447   3814 22383B -567B   10   319    86   134 
20  7616   3546 22846B -552B   10   323    83   157 
20  7830   3154 23592B -561B   10   321   103   169 
10  7930   3000 23913B -535B   10   328    92   166 
20  8013   2891 24152B -523B   10   332    92   173 
20  8059   2772 24422B -537B   10   328    90   222 
20  8320   2443 25237B -514B   10   334   100   195 
20  8540   2160 26036B -515B   10   334   101   179 
10  8706   2000 26539B -500B   10   339    85   175 
20  8834   1846 27065B -472B   10   347    85   187 
20  9047   1640 27848B -471B   10   347    87   176 
20  9209   1522 28346B -446B   10   355    84   200 
20  9340   1397 28918B -450B   10   354    89   198 
20  9534   1261 29605B -423B   10   362    83   192 
20  9830   1063 30758B -442B   10   356    90   231 
20  9858   1036 30932B -424B   10   362    92   227 
10  9938   1000 31168B -432B   10   359    92   213 
20  9950    989 31239B -429B   10   360    93   215 
20 10049    939 31594B -398B   10   370    93   223 
20 10137    900 31885B -403B   10   368    91   245 
20 10209    872 32101B -404B   10   368    89   227 
20 10305    823 32493B -377B   10   377    77   213 
20 10334    800 32691B -375B   10   377    72   228 
10 10557    700 33614B -369B   10   379 -9999 -9999 
30   100  -9999   290 -9999 -9999 -9999    83   100 
30   200  -9999   585 -9999 -9999 -9999    86   100 
30   300  -9999   861 -9999 -9999 -9999    96    94 
30   400  -9999  1164 -9999 -9999 -9999   102   102 
30   500  -9999  1468 -9999 -9999 -9999    94    99 
30   600  -9999  1783 -9999 -9999 -9999    97   100 
30   700  -9999  2081 -9999 -9999 -9999    88    93 
30   900  -9999  2680 -9999 -9999 -9999    94    83 
30  1000  -9999  2991 -9999 -9999 -9999    86    70 
30  1100  -9999  3286 -9999 -9999 -9999    93    74 
30  1300  -9999  3866 -9999 -9999 -9999    80    73 
30  1500  -9999  4459 -9999 -9999 -9999    76    36 
30  1600  -9999  4771 -9999 -9999 -9999    67    64 
30  1700  -9999  5070 -9999 -9999 -9999    58    50 
30  1800  -9999  5374 -9999 -9999 -9999    49    44 
30  2000  -9999  5947 -9999 -9999 -9999    57    17 
30  2100  -9999  6199 -9999 -9999 -9999   138     9 
30  2200  -9999  6495 -9999 -9999 -9999   287     8 
30  2300  -9999  6813 -9999 -9999 -9999   278    12 
30  2400  -9999  7138 -9999 -9999 -9999   277    15 
30  2500  -9999  7429 -9999 -9999 -9999   274    20 
30  2600  -9999  7692 -9999 -9999 -9999   317    31 
30  2700  -9999  7951 -9999 -9999 -9999   272    19 
30  2800  -9999  8214 -9999 -9999 -9999   296    25 
30  2900  -9999  8484 -9999 -9999 -9999   304    30 
30  3000  -9999  8762 -9999 -9999 -9999   315    52 
30  3100  -9999  9039 -9999 -9999 -9999   311    53 
30  3200  -9999  9321 -9999 -9999 -9999   284    72 
30  3300  -9999  9600 -9999 -9999 -9999   263    95 
30  3400  -9999  9931 -9999 -9999 -9999   247   118 
30  3500  -9999 10227 -9999 -9999 -9999   242   109 
30  3600  -9999 10540 -9999 -9999 -9999   236   130 
30  3700  -9999 10875 -9999 -9999 -9999   233   141 
30  3800  -9999 11209 -9999 -9999 -9999   235   131 
30  3900  -9999 11543 -9999 -9999 -9999   235   150 
30  4000  -9999 11852 -9999 -9999 -9999   235   169 
30  4100  -9999 12143 -9999 -9999 -9999   241   178 
30  4200  -9999 12480 -9999 -9999 -9999   250   206 
30  4300  -9999 12866 -9999 -9999 -9999   249   278 
30  4400  -9999 13259 -9999 -9999 -9999   252   337 
30  4500  -9999 13624 -9999 -9999 -9999   254   359 
30  4600  -9999 13963 -9999 -9999 -9999   256   364 
30  4700  -9999 14272 -9999 -9999 -9999   261   354 
30  4800  -9999 14534 -9999 -9999 -9999   267   356 
30  4900  -9999 14786 -9999 -9999 -9999   275   346 
30  5000  -9999 15096 -9999 -9999 -9999   287   255 
30  5100  -9999 15421 -9999 -9999 -9999   292    91 
30  5200  -9999 15807 -9999 -9999 -9999   223    57 
30  5300  -9999 16081 -9999 -9999 -9999   244    75 
30  5400  -9999 16349 -9999 -9999 -9999   254    46 
30  5500  -9999 16608 -9999 -9999 -9999   212    69 
30  5600  -9999 16890 -9999 -9999 -9999   231    83 
30  5700  -9999 17179 -9999 -9999 -9999   272    70 
30  5800  -9999 17456 -9999 -9999 -9999   324    50 
30  5900  -9999 17722 -9999 -9999 -9999    30    40 
30  6000  -9999 17989 -9999 -9999 -9999   115    15 
30  6100  -9999 18272 -9999 -9999 -9999    60     7 
30  6200  -9999 18547 -9999 -9999 -9999    32    49 
30  6300  -9999 18829 -9999 -9999 -9999    36    41 
30  6400  -9999 19115 -9999 -9999 -9999    37    70 
30  6500  -9999 19398 -9999 -9999 -9999    70    85 
30  6600  -9999 19680 -9999 -9999 -9999    92   110 
30  6700  -9999 19980 -9999 -9999 -9999    86   127 
30  6800  -9999 20286 -9999 -9999 -9999    92   147 
30  6900  -9999 20594 -9999 -9999 -9999    97   103 
30  7000  -9999 20893 -9999 -9999 -9999    72   119 
30  7100  -9999 21185 -9999 -9999 -9999    89   134 
30  7200  -9999 21491 -9999 -9999 -9999    96   143 
30  7300  -9999 21822 -9999 -9999 -9999   101   121 
30  7500  -9999 22448 -9999 -9999 -9999    83   132 
30  7600  -9999 22756 -9999 -9999 -9999    79   153 
30  7700  -9999 23095 -9999 -9999 -9999    96   188 
30  7800  -9999 23430 -9999 -9999 -9999    93   175 
30  7900  -9999 23750 -9999 -9999 -9999   101   162 
30  8000  -9999 24079 -9999 -9999 -9999    95   163 
30  8100  -9999 24427 -9999 -9999 -9999    90   222 
30  8200  -9999 24773 -9999 -9999 -9999   102   218 
30  8300  -9999 25118 -9999 -9999 -9999   104   199 
30  8400  -9999 25470 -9999 -9999 -9999    97   183 
30  8500  -9999 25814 -9999 -9999 -9999    99   180 
30  8600  -9999 26149 -9999 -9999 -9999    97   169 
30  8700  -9999 26498 -9999 -9999 -9999    85   175 
30  8800  -9999 26859 -9999 -9999 -9999    85   182 
30  8900  -9999 27217 -9999 -9999 -9999    90   197 
30  9000  -9999 27571 -9999 -9999 -9999    84   181 
30  9100  -9999 27927 -9999 -9999 -9999    87   166 
30  9200  -9999 28294 -9999 -9999 -9999    85   202 
30  9300  -9999 28664 -9999 -9999 -9999    79   185 
30  9400  -9999 29043 -9999 -9999 -9999    85   180 
30  9500  -9999 29400 -9999 -9999 -9999    81   186 
30  9600  -9999 29770 -9999 -9999 -9999    80   195 
30  9700  -9999 30158 -9999 -9999 -9999    78   231 
30  9800  -9999 30559 -9999 -9999 -9999    79   233 
30  9900  -9999 30945 -9999 -9999 -9999    91   227 
30 10000  -9999 31301 -9999 -9999 -9999    95   219 
30 10100  -9999 31660 -9999 -9999 -9999    91   228 
30 10200  -9999 32043 -9999 -9999 -9999    90   232 
30 10300  -9999 32457 -9999 -9999 -9999    78   210 
30 10400  -9999 32867 -9999 -9999 -9999    72   231 
30 10500  -9999 33258 -9999 -9999 -9999    82   229 
#RQM00078526 2021 06 08 00 2304  217 ncdc-nws ncdc-nws  184317  -659919
21     0 101586B    3   270B  790    40    92    41 
10    30 100000   142B  258B  812    35    82    91 
20   140  96228   480B  227B  917    14    85   100 
20   217  94585   631B  218B  865    24    85   114 
10   302  92500   825B  205B  898    17    83   109 
20   356  89366  1122B  183B  999     0    86   120 
20   457  85388  1513B  161B  987     2    95   101 
10   505  85000  1552B  163B  950     8    96    97 
20   538  83379  1716B  157B  941    10    95    80 
20   555  82633  1793B  155B  848    25    90    82 
20   632  80814  1982B  140B  937    10    87    82 
20   748  77200  2367B  117B  907    15    82    83 
20   912  73326  2798B   96B  873    20    84    73 
20  1022  70209  3158B   81B  685    54    91    55 
10  1027  70000  3183B   79B  716    48    93    56 
20  1034  69716  3216B   77B  765    39    95    59 
20  1052  68903  3313B   74B  620    68   101    61 
20  1103  68316  3383B   69B  715    48   101    58 
20  1123  67439  3490B   63B  689    53    96    50 
20  1141  66765  3572B   61B  522    91    95    40 
20  1146  66582  3595B   60B  505    95    93    38 
20  1157  66156  3647B   54B  635    64    87    35 
20  1208  65681  3706B   50B  588    74    79    35 
20  1356  61507  4238B   12B  779    34    80    11 
20  1427  60489  4373B   12B  482    98    41    16 
20  1446  59797  4465B    5B  496    93    13    12 
20  1501  59283  4535B    0B  621    64   337    11 
20  1518  58722  4611B   -4B  667    54   327    10 
20  1554  57506  4778B   -9B  433   109   271    10 
20  1608  57017  4846B  -17B  759    37   271     8 
20  1620  56585  4907B  -18B  512    87   337     7 
20  1632  56187  4963B  -19B  436   108    16    14 
20  1659  55193  5105B  -29B  597    67    36    21 
20  1713  54740  5170B  -31B  376   124    26    23 
20  1730  54157  5254B  -37B  473    96    15    22 
20  1759  53171  5399B  -44B  463    98    30    15 
20  1814  52597  5485B  -47B  327   140    32    15 
20  1905  50806  5757B  -63B  271   159    57    25 
20  1919  50368  5824B  -63B  136   235    69    30 
10  1929  50000  5882B  -66B  137   234    72    30 
20  1947  49405  5975B  -68B  114   253    71    23 
20  2030  47864  6221B  -88B   99   263   352    18 
20  2041  47551  6272B  -93B  240   169   344    20 
20  2052  47213  6327B  -97B  210   183   332    24 
20  2100  46965  6368B -101B  415   106   325    24 
20  2109  46673  6416B -101B  143   223   314    29 
20  2124  46226  6490B -105B  277   151   306    36 
20  2140  45672  6582B -106B   33   365   315    41 
20  2203  44960  6703B -112B   11   458   336    44 
20  2312  42889  7063B -139B   12   441   296    32 
20  2329  42390  7151B -147B   86   265   308    31 
20  2355  41606  7292B -157B   14   419   287    34 
10  2448  40000  7588B -180B   20   386   310    22 
20  2652  36850  8195B -223B   15   394   274    46 
20  2727  36043  8357B -237B   80   252   270    57 
20  2805  35191  8531B -249B   17   378   264    62 
20  2833  34540  8667B -259B   62   270   270    70 
20  2843  34341  8709B -261B  155   188   272    73 
20  2902  33952  8791B -267B   45   294   275    76 
20  2929  33346  8920B -277B   63   265   280    79 
20  3005  32357  9136B -298B  417    89   268    86 
20  3017  32038  9207B -294B  639    47   263    90 
20  3029  31695  9283B -295B  653    45   255    97 
20  3108  30544  9546B -311B  689    38   240   154 
10  3126  30000  9674B -323B  732    32   238   169 
20  3152  29256  9850B -337B  761    28   237   196 
10  3522  25000 10931B -431B  712    31   236   242 
20  3910  21360 11969B -524B  674    33   238   256 
10  4040  20000 12391B -559B  640    36   240   273 
20  4215  18639 12835B -596B  544    47   244   274 
20  4610  15309 14034B -702B  522    45   257   270 
10  4636  15000 14155B -708B  522    45   260   294 
22  4751  14091 14525B -720B  518    45   265   381 
20  4813  13735 14676B -705B  486    50   268   327 
20  4904  12849 15072B -693B  392    65   251   162 
20  5011  12030 15464B -712B  300    82   242   209 
20  5039  11751 15603B -699B  268    90   244   182 
20  5242  10584 16223B -712B  154   124   254    66 
10  5344  10000 16559B -706B  122   139   262   111 
20  5434   9541 16838B -708B  103   149   293    88 
20  5533   8989 17192B -684B   83   166   218    35 
20  5644   8323 17651B -711B   68   174   209    89 
20  5713   8072 17832B -697B   64   179   234    62 
20  5915   7167 18538B -710B   54   187   172    27 
10  5939   7000 18677B -704B   52   190   166    48 
20  6448   5359 20288B -641B   19   262    63    66 
10  6614   5000 20712B -648B   16   270    84   114 
20  6705   4800 20961B -651B   15   272    90    80 
20  6819   4519 21330B -626B   13   285    86    87 
20  6852   4396 21502B -598B   12   301    66    89 
20  7127   3847 22333B -603B   10   309    79   143 
20  7537   3104 23689B -549B   10   324    86   191 
10  7616   3000 23906B -558B   10   322    95   211 
20  8050   2353 25462B -541B   10   326    86   197 
20  8310   2085 26244B -506B   10   337    86   212 
10  8356   2000 26515B -505B   10   337    97   214 
20  8639   1721 27495B -492B   10   341    98   218 
20  9033   1392 28907B -426B   10   361    88   198 
20  9221   1264 29556B -448B   10   354    84   194 
20  9438   1113 30409B -418B   10   364    78   244 
20  9514   1078 30625B -423B   10   362    83   249 
10  9643   1000 31138B -391B   10   372    83   251 
20  9656    990 31208B -385B   10   374    83   247 
20  9743    950 31493B -390B   10   373    81   261 
20  9841    902 31848B -373B   10   378    83   267 
20  9843    900 31862B -373B   10   378    83   268 
20 10021    823 32480B -381B   10   375    86   277 
20 10053    800 32675B -370B   10   379    95   265 
20 10118    783 32824B -360B   10   382    96   253 
20 10257    718 33427B -376B   10   377    86   276 
10 10325    700 33598B -349B   10   385    86   242 
20 10335    694 33655B -336B   10   389    86   227 
20 10543    621 34437B -309A   10   398    99   237 
30   100  -9999   271 -9999 -9999 -9999    79   101 
30   200  -9999   565 -9999 -9999 -9999    86   108 
30   300  -9999   818 -9999 -9999 -9999    83   109 
30   400  -9999  1146 -9999 -9999 -9999    86   119 
30   500  -9999  1528 -9999 -9999 -9999    95    99 
30   600  -9999  1817 -9999 -9999 -9999    88    83 
30   700  -9999  2113 -9999 -9999 -9999    80    75 
30   800  -9999  2427 -9999 -9999 -9999    85    81 
30   900  -9999  2735 -9999 -9999 -9999    81    73 
30  1000  -9999  3047 -9999 -9999 -9999    93    59 
30  1100  -9999  3364 -9999 -9999 -9999   101    59 
30  1200  -9999  3663 -9999 -9999 -9999    85    35 
30  1300  -9999  3959 -9999 -9999 -9999    82    30 
30  1400  -9999  4258 -9999 -9999 -9999    71    11 
30  1500  -9999  4527 -9999 -9999 -9999   341    11 
30  1600  -9999  4810 -9999 -9999 -9999   259     9 
30  1700  -9999  5109 -9999 -9999 -9999    36    21 
30  1800  -9999  5406 -9999 -9999 -9999    31    15 
30  1900  -9999  5731 -9999 -9999 -9999    53    22 
30  2000  -9999  6051 -9999 -9999 -9999    67    17 
30  2200  -9999  6687 -9999 -9999 -9999   333    44 
30  2300  -9999  6996 -9999 -9999 -9999   294    33 
30  2400  -9999  7323 -9999 -9999 -9999   284    35 
30  2500  -9999  7648 -9999 -9999 -9999   326    17 
30  2600  -9999  7948 -9999 -9999 -9999   308    30 
30  2700  -9999  8234 -9999 -9999 -9999   271    47 
30  2800  -9999  8509 -9999 -9999 -9999   264    62 
30  2900  -9999  8782 -9999 -9999 -9999   274    76 
30  3000  -9999  9107 -9999 -9999 -9999   270    87 
30  3100  -9999  9492 -9999 -9999 -9999   242   145 
30  3200  -9999  9897 -9999 -9999 -9999   237   203 
30  3300  -9999 10233 -9999 -9999 -9999   229   222 
30  3400  -9999 10532 -9999 -9999 -9999   231   227 
30  3500  -9999 10829 -9999 -9999 -9999   236   240 
30  3600  -9999 11103 -9999 -9999 -9999   238   246 
30  3700  -9999 11376 -9999 -9999 -9999   238   250 
30  3800  -9999 11648 -9999 -9999 -9999   236   251 
30  3900  -9999 11923 -9999 -9999 -9999   238   256 
30  4000  -9999 12202 -9999 -9999 -9999   239   254 
30  4100  -9999 12483 -9999 -9999 -9999   241   272 
30  4200  -9999 12766 -9999 -9999 -9999   244   272 
30  4300  -9999 13048 -9999 -9999 -9999   244   264 
30  4400  -9999 13330 -9999 -9999 -9999   244   241 
30  4500  -9999 13617 -9999 -9999 -9999   246   241 
30  4600  -9999 13972 -9999 -9999 -9999   256   264 
30  4700  -9999 14262 -9999 -9999 -9999   262   328 
30  4800  -9999 14580 -9999 -9999 -9999   266   364 
30  4900  -9999 15049 -9999 -9999 -9999   255   164 
30  5000  -9999 15410 -9999 -9999 -9999   242   214 
30  5100  -9999 15709 -9999 -9999 -9999   245   173 
30  5200  -9999 16006 -9999 -9999 -9999   255   125 
30  5300  -9999 16317 -9999 -9999 -9999   244    66 
30  5400  -9999 16646 -9999 -9999 -9999   270   112 
30  5500  -9999 16986 -9999 -9999 -9999   306    60 
30  5600  -9999 17375 -9999 -9999 -9999   215    62 
30  5700  -9999 17752 -9999 -9999 -9999   217    78 
30  5800  -9999 18110 -9999 -9999 -9999   276    26 
30  5900  -9999 18447 -9999 -9999 -9999   177    13 
30  6000  -9999 18793 -9999 -9999 -9999   164    32 
30  6100  -9999 19113 -9999 -9999 -9999    40    37 
30  6200  -9999 19415 -9999 -9999 -9999    38     5 
30  6300  -9999 19726 -9999 -9999 -9999   337    25 
30  6400  -9999 20040 -9999 -9999 -9999    79    62 
30  6500  -9999 20349 -9999 -9999 -9999    67    73 
30  6600  -9999 20643 -9999 -9999 -9999    83   117 
30  6700  -9999 20937 -9999 -9999 -9999    90    79 
30  6800  -9999 21233 -9999 -9999 -9999    83    97 
30  6900  -9999 21545 -9999 -9999 -9999    63    98 
30  7000  -9999 21869 -9999 -9999 -9999    64   148 
30  7100  -9999 22189 -9999 -9999 -9999    71   170 
30  7200  -9999 22516 -9999 -9999 -9999    71   147 
30  7300  -9999 22839 -9999 -9999 -9999    76   185 
30  7400  -9999 23158 -9999 -9999 -9999    88   193 
30  7500  -9999 23482 -9999 -9999 -9999    89   202 
30  7600  -9999 23818 -9999 -9999 -9999    91   210 
30  7700  -9999 24150 -9999 -9999 -9999    93   188 
30  7800  -9999 24487 -9999 -9999 -9999   103   197 
30  7900  -9999 24829 -9999 -9999 -9999    93   170 
30  8000  -9999 25177 -9999 -9999 -9999   102   203 
30  8100  -9999 25516 -9999 -9999 -9999    86   202 
30  8200  -9999 25848 -9999 -9999 -9999    89   198 
30  8300  -9999 26187 -9999 -9999 -9999    85   210 
30  8400  -9999 26539 -9999 -9999 -9999    97   215 
30  8500  -9999 26903 -9999 -9999 -9999   100   197 
30  8600  -9999 27267 -9999 -9999 -9999   100   208 
30  8700  -9999 27621 -9999 -9999 -9999    99   212 
30  8800  -9999 27980 -9999 -9999 -9999    98   191 
30  8900  -9999 28348 -9999 -9999 -9999    94   185 
30  9000  -9999 28711 -9999 -9999 -9999    92   182 
30  9100  -9999 29066 -9999 -9999 -9999    84   194 
30  9200  -9999 29430 -9999 -9999 -9999    82   196 
30  9300  -9999 29799 -9999 -9999 -9999    86   197 
30  9400  -9999 30178 -9999 -9999 -9999    85   221 
30  9500  -9999 30546 -9999 -9999 -9999    81   253 
30  9600  -9999 30893 -9999 -9999 -9999    83   247 
30  9700  -9999 31233 -9999 -9999 -9999    83   246 
30  9800  -9999 31595 -9999 -9999 -9999    85   263 
30  9900  -9999 31971 -9999 -9999 -9999    81   274 
30 10000  -9999 32342 -9999 -9999 -9999    82   283 
30 10100  -9999 32725 -9999 -9999 -9999    95   261 
30 10200  -9999 33085 -9999 -9999 -9999    92   243 
30 10300  -9999 33447 -9999 -9999 -9999    86   274 
30 10400  -9999 33804 -9999 -9999 -9999    86   200 
30 10500  -9999 34168 -9999 -9999 -9999    86   228 
#RQM00078526 2021 06 08 12 1101  241 ncdc-nws ncdc-nws  184317  -659919
21     0 101686B    3   254B  900    18    81    15 
20    25 100209   132B  253B  850    27    84    74 
10    28 100000   151B  252B  854    26    83    81 
20   134  96462   467B  230B  936    11    89   100 
20   154  95371   567B  226B  862    24    96    94 
10   247  92500   833B  204B  889    19    92   107 
20   300  91848   894B  200B  889    19    93   106 
20   410  88087  1254B  179B  834    28    93   100 
20   440  86625  1398B  176B  700    55    96   111 
10   516  85000  1560B  166B  784    38   101   100 
20   634  81589  1908B  143B  854    24    98    73 
20   717  79852  2090B  140B  771    39    98    89 
20   952  72903  2854B   96B  799    33   102    83 
20  1050  70358  3149B   85B  760    40    86    61 
10  1057  70000  3192B   82B  724    47    86    58 
20  1129  68607  3358B   76B  632    65    88    60 
20  1231  65967  3680B   48B  813    29   104    55 
20  1302  64719  3835B   39B  717    46    91    51 
20  1444  60773  4344B    0B  878    18   130    33 
20  1527  59077  4570B  -17B  948     7   117    13 
20  1535  58787  4609B  -16B  849    22   115    20 
20  1545  58448  4655B  -18B  918    12   119    26 
20  1620  57282  4816B  -22B  751    38   130    25 
20  1650  56248  4960B  -31B  709    45   168    24 
20  1700  55908  5008B  -33B  610    64   175    26 
20  1712  55482  5069B  -37B  656    55   169    28 
20  1722  55113  5122B  -39B  581    70   163    27 
20  1727  54926  5149B  -41B  632    59   162    27 
20  1736  54625  5192B  -42B  864    19   170    25 
20  1747  54257  5245B  -43B  838    23   187    23 
20  1753  54044  5276B  -43B  730    41   191    23 
20  1802  53684  5329B  -44B  353   131   192    25 
20  1827  52854  5451B  -55B  670    52   169    31 
20  1857  51932  5589B  -64B  755    36   164    34 
20  1909  51594  5641B  -61B  641    57   172    30 
20  1921  51181  5703B  -61B  661    53   189    29 
20  1946  50412  5822B  -72B  757    36   213    33 
20  1956  50137  5864B  -74B  684    48   214    33 
10  2001  50000  5886B  -76B  687    48   216    32 
20  2011  49710  5931B  -79B  700    45   218    31 
20  2115  47923  6215B  -97B  259   160   261    27 
20  2138  47215  6330B -105B  284   149   244    27 
20  2155  46679  6417B -113B  500    84   227    36 
20  2201  46499  6447B -114B  505    82   225    40 
20  2213  46140  6506B -115B  365   120   227    47 
20  2222  45870  6551B -113B  152   214   229    52 
20  2227  45729  6575B -114B  135   227   232    53 
20  2249  45128  6676B -121B  176   198   238    59 
20  2306  44709  6747B -128B  430   100   241    56 
20  2326  44191  6836B -134B  241   163   240    55 
20  2336  43908  6885B -139B  511    79   240    55 
20  2344  43695  6922B -142B  540    73   240    57 
20  2416  42903  7060B -152B  327   128   244    46 
20  2427  42596  7115B -154B  115   235   244    39 
20  2438  42309  7166B -157B   42   328   245    33 
20  2552  40479  7497B -183B   41   324   264    36 
20  2607  40126  7562B -186B  377   109   262    33 
10  2612  40000  7586B -186B  300   133   261    33 
20  2619  39838  7616B -189B  251   151   263    33 
20  2632  39514  7677B -193B  454    89   269    33 
20  2639  39314  7715B -196B  495    79   267    34 
20  2655  38846  7804B -197B  327   123   263    38 
20  2927  34956  8576B -269B  541    65   292    70 
20  2940  34639  8641B -269B  658    45   282    78 
20  3003  34064  8762B -269B  681    41   262    97 
20  3050  32967  8998B -282B  689    39   252   129 
10  3255  30000  9667B -335B  785    25   225   168 
20  3352  28734  9968B -359B  789    24   229   188 
10  3711  25000 10918B -441B  645    40   237   251 
20  3933  22736 11547B -494B  503    59   240   284 
10  4240  20000 12374B -562B  430    67   247   333 
20  4735  16133 13704B -672B  387    68   254   312 
20  4903  15075 14111B -694B  387    66   269   330 
10  4910  15000 14141B -692B  387    66   269   321 
20  5028  14189 14472B -703B  367    69   268   226 
20  5058  13904 14593B -700B  346    73   268   196 
20  5135  13541 14751B -680B  279    89   256   146 
20  5214  13088 14955B -683B  218   105   233   158 
20  5350  12041 15450B -727B  178   113   235   222 
22  5443  11521 15708B -739B  184   110   242   218 
20  5523  11163 15892B -733B  177   113   246   188 
20  5550  10942 16009B -738B  167   116   247   174 
20  5614  10749 16114B -716B  149   125   254   148 
20  5628  10619 16186B -717B  141   129   257   131 
20  5639  10534 16233B -709B  130   134   255   119 
20  5716  10256 16391B -717B  108   145   251   108 
10  5750  10000 16540B -710B   93   155   247    63 
20  5931   9240 17008B -707B   62   179   213    40 
20  6017   8903 17228B -722B   57   181   209    65 
20  6256   7877 17957B -668B   33   223   342    45 
20  6357   7507 18246B -688B   29   227     9    45 
10  6524   7000 18665B -688B   26   232    69    76 
20  6542   6894 18756B -691B   26   232    83    74 
20  6748   6252 19344B -665B   23   246    96    83 
20  7006   5588 20023B -666B   18   259   103    70 
20  7101   5341 20299B -633B   14   280    97    39 
20  7154   5116 20564B -629B   13   284    84    77 
10  7223   5000 20705B -615B   12   295    71    95 
20  7236   4948 20769B -608B   12   299    64   102 
20  7344   4686 21108B -613B   11   301    83   120 
20  7359   4629 21184B -600B   10   309    86   135 
20  7516   4334 21593B -615B   10   304   101   148 
20  7626   4082 21967B -597B   10   310    97   131 
20  7840   3659 22649B -596B   10   311   106   159 
20  7928   3515 22902B -576B   10   316   100   144 
20  8052   3259 23377B -585B   10   314   104   158 
20  8136   3135 23621B -562B   10   320    82   178 
10  8229   3000 23902B -554B   10   323    89   173 
20  8327   2865 24195B -553B   10   323    84   185 
20  8602   2518 25027B -508B   10   336    86   210 
20  9025   2007 26503B -505B   10   337    90   208 
10  9029   2000 26526B -504B   10   337    90   208 
20  9145   1869 26971B -478B   10   345    88   215 
20  9342   1689 27640B -474B   10   346    93   229 
20  9519   1552 28202B -444B   10   356    89   217 
20  9541   1522 28334B -452B   10   353    90   226 
20  9719   1391 28936B -418B   10   364    94   220 
20 10101   1128 30349B -438B   10   357    90   219 
10 10315   1000 31167B -403B   10   368   103   271 
20 10327    990 31238B -395B   10   371   104   271 
20 10505    900 31885B -415B   10   365   105   231 
20 10507    898 31897B -415B   10   365   105   230 
20 10635    826 32469B -378B   10   376    95   201 
20 10705    806 32644B -352B   10   384    97   203 
20 10713    800 32693B -352B   10   384    98   204 
20 10755    772 32944B -363B   10   381   107   211 
20 10923    716 33469B -338B   10   389    96   182 
10 10948    700 33624B -344B   10   387    94   189 
20 11240    600 34700B -348A   10   386    43   183 
20 11333    574 35007B -358A   10   383 -9999 -9999 
30   100  -9999   308 -9999 -9999 -9999    77   111 
30   200  -9999   594 -9999 -9999 -9999    97    94 
30   400  -9999  1205 -9999 -9999 -9999    94   106 
30   500  -9999  1487 -9999 -9999 -9999    96   103 
30   600  -9999  1760 -9999 -9999 -9999    96    81 
30   700  -9999  2023 -9999 -9999 -9999    99    87 
30   800  -9999  2283 -9999 -9999 -9999   106    75 
30   900  -9999  2572 -9999 -9999 -9999    94    76 
30  1000  -9999  2893 -9999 -9999 -9999    99    84 
30  1100  -9999  3210 -9999 -9999 -9999    87    58 
30  1200  -9999  3518 -9999 -9999 -9999    95    52 
30  1300  -9999  3824 -9999 -9999 -9999    91    51 
30  1400  -9999  4128 -9999 -9999 -9999   123    30 
30  1500  -9999  4429 -9999 -9999 -9999   143    26 
30  1600  -9999  4724 -9999 -9999 -9999   122    31 
30  1800  -9999  5317 -9999 -9999 -9999   193    24 
30  1900  -9999  5602 -9999 -9999 -9999   166    33 
30  2000  -9999  5883 -9999 -9999 -9999   215    33 
30  2100  -9999  6145 -9999 -9999 -9999   250    28 
30  2200  -9999  6442 -9999 -9999 -9999   225    39 
30  2300  -9999  6722 -9999 -9999 -9999   240    58 
30  2400  -9999  6986 -9999 -9999 -9999   244    54 
30  2500  -9999  7263 -9999 -9999 -9999   260    32 
30  2600  -9999  7531 -9999 -9999 -9999   263    34 
30  2700  -9999  7832 -9999 -9999 -9999   263    40 
30  2800  -9999  8174 -9999 -9999 -9999   274    52 
30  2900  -9999  8436 -9999 -9999 -9999   304    64 
30  3000  -9999  8746 -9999 -9999 -9999   264    94 
30  3100  -9999  9052 -9999 -9999 -9999   250   130 
30  3200  -9999  9359 -9999 -9999 -9999   232   132 
30  3300  -9999  9697 -9999 -9999 -9999   224   172 
30  3400  -9999 10006 -9999 -9999 -9999   229   193 
30  3500  -9999 10293 -9999 -9999 -9999   233   219 
30  3600  -9999 10577 -9999 -9999 -9999   233   221 
30  3700  -9999 10867 -9999 -9999 -9999   236   248 
30  3800  -9999 11138 -9999 -9999 -9999   239   272 
30  3900  -9999 11404 -9999 -9999 -9999   239   284 
30  4000  -9999 11666 -9999 -9999 -9999   242   297 
30  4100  -9999 11931 -9999 -9999 -9999   247   311 
30  4200  -9999 12193 -9999 -9999 -9999   248   318 
30  4300  -9999 12467 -9999 -9999 -9999   246   350 
30  4400  -9999 12730 -9999 -9999 -9999   245   374 
30  4500  -9999 12993 -9999 -9999 -9999   244   369 
30  4600  -9999 13264 -9999 -9999 -9999   248   364 
30  4700  -9999 13540 -9999 -9999 -9999   251   336 
30  4800  -9999 13831 -9999 -9999 -9999   260   317 
30  4900  -9999 14097 -9999 -9999 -9999   269   334 
30  5000  -9999 14355 -9999 -9999 -9999   268   256 
30  5100  -9999 14601 -9999 -9999 -9999   268   193 
30  5200  -9999 14875 -9999 -9999 -9999   238   144 
30  5300  -9999 15188 -9999 -9999 -9999   235   191 
30  5400  -9999 15504 -9999 -9999 -9999   237   226 
30  5500  -9999 15788 -9999 -9999 -9999   244   206 
30  5600  -9999 16049 -9999 -9999 -9999   249   165 
30  5700  -9999 16322 -9999 -9999 -9999   251   114 
30  5800  -9999 16588 -9999 -9999 -9999   246    54 
30  5900  -9999 16862 -9999 -9999 -9999   235    54 
30  6000  -9999 17147 -9999 -9999 -9999   200    59 
30  6100  -9999 17430 -9999 -9999 -9999   258    67 
30  6200  -9999 17706 -9999 -9999 -9999   283    56 
30  6300  -9999 17976 -9999 -9999 -9999   343    44 
30  6400  -9999 18261 -9999 -9999 -9999    11    46 
30  6500  -9999 18549 -9999 -9999 -9999    46    67 
30  6600  -9999 18841 -9999 -9999 -9999    90    64 
30  6700  -9999 19121 -9999 -9999 -9999    91    48 
30  6800  -9999 19400 -9999 -9999 -9999   105    87 
30  6900  -9999 19689 -9999 -9999 -9999   100    91 
30  7000  -9999 19992 -9999 -9999 -9999   104    73 
30  7100  -9999 20294 -9999 -9999 -9999    98    40 
30  7200  -9999 20594 -9999 -9999 -9999    83    82 
30  7300  -9999 20887 -9999 -9999 -9999    67   100 
30  7400  -9999 21189 -9999 -9999 -9999    87   136 
30  7500  -9999 21504 -9999 -9999 -9999   101   163 
30  7600  -9999 21830 -9999 -9999 -9999    96   139 
30  7700  -9999 22140 -9999 -9999 -9999    89   110 
30  7800  -9999 22444 -9999 -9999 -9999    94   162 
30  7900  -9999 22751 -9999 -9999 -9999   102   146 
30  8000  -9999 23083 -9999 -9999 -9999   106   158 
30  8100  -9999 23421 -9999 -9999 -9999   101   156 
30  8200  -9999 23750 -9999 -9999 -9999    88   180 
30  8300  -9999 24056 -9999 -9999 -9999    83   180 
30  8400  -9999 24364 -9999 -9999 -9999    80   198 
30  8500  -9999 24687 -9999 -9999 -9999    82   189 
30  8600  -9999 25017 -9999 -9999 -9999    85   210 
30  8700  -9999 25340 -9999 -9999 -9999    87   227 
30  8800  -9999 25670 -9999 -9999 -9999    92   234 
30  8900  -9999 26011 -9999 -9999 -9999    95   234 
30  9000  -9999 26356 -9999 -9999 -9999    89   212 
30  9100  -9999 26704 -9999 -9999 -9999    87   218 
30  9200  -9999 27057 -9999 -9999 -9999    89   223 
30  9300  -9999 27401 -9999 -9999 -9999    92   232 
30  9400  -9999 27743 -9999 -9999 -9999    94   231 
30  9500  -9999 28088 -9999 -9999 -9999    92   212 
30  9600  -9999 28453 -9999 -9999 -9999    92   230 
30  9700  -9999 28821 -9999 -9999 -9999    91   223 
30  9800  -9999 29196 -9999 -9999 -9999    91   211 
30  9900  -9999 29578 -9999 -9999 -9999    90   238 
30 10000  -9999 29968 -9999 -9999 -9999    92   219 
30 10100  -9999 30342 -9999 -9999 -9999    90   219 
30 10200  -9999 30705 -9999 -9999 -9999    94   247 
30 10300  -9999 31071 -9999 -9999 -9999   100   260 
30 10400  -9999 31456 -9999 -9999 -9999   104   245 
30 10500  -9999 31847 -9999 -9999 -9999   106   233 
30 10600  -9999 32240 -9999 -9999 -9999    95   204 
30 10700  -9999 32616 -9999 -9999 -9999    97   204 
30 10800  -9999 32976 -9999 -9999 -9999   109   213 
30 10900  -9999 33329 -9999 -9999 -9999   106   185 
30 11000  -9999 33699 -9999 -9999 -9999    95   190 
30 11100  -9999 34083 -9999 -9999 -9999    93   158 
30 11200  -9999 34462 -9999 -9999 -9999    61   132 
30 11300  -9999 34817 -9999 -9999 -9999    42   202 